Date	Belgium	Bulgaria	Czech Republic	Denmark	Germany (until 1990 former territory of the FRG)	Estonia	Ireland	Greece	Spain	France	Croatia	Italy	Cyprus	Latvia	Lithuania	Luxembourg	Hungary	Malta	Netherlands	Austria	Poland	Portugal	Romania	Slovenia	Slovakia	Finland	Sweden	United Kingdom	Iceland	Norway	Switzerland	Montenegro	Former Yugoslav Republic of Macedonia, the	Albania	Serbia	Turkey
01/12/1999	81.976		56.826	77.800	89.942	56.330	84.668	76.893	72.738	82.661		78.878	73.521	62.777	60.055	75.340	60.951		78.754	82.972		75.134	42.919	79.923		85.454	91.099	105.869		60.759	77.150					
01/03/2000	82.437	56.469	57.221	78.294	89.829	57.027	86.361	76.146	73.478	83.233	64.923	78.921	74.163	65.975	64.242	74.035	61.505	79.743	79.730	83.512		75.631	45.898	78.743		85.095	92.750	111.356		64.480	77.132					
01/06/2000	82.806	57.027	57.079	78.606	89.589	57.173	87.149	75.968	73.966	83.628	66.383	79.442	75.265	69.998	67.499	74.610	62.557	80.543	80.243	83.797		76.636	47.740	78.101		85.897	95.650	112.787		65.206	79.732					
01/09/2000	83.186	59.320	58.771	79.015	89.833	57.744	87.419	75.278	74.848	84.040	67.808	80.040	75.783	70.935	68.881	75.816	64.777	81.760	81.276	84.141		77.392	49.641	78.625		86.584	94.816	112.910		68.277	80.954					
01/12/2000	83.755	60.950	60.019	80.236	89.688	59.879	90.349	74.473	75.509	84.450	68.738	80.249	76.717	73.588	72.572	75.379	65.145	84.060	81.764	84.742		77.757	50.842	79.244		87.165	92.900	115.235		70.979	82.835					
01/03/2001	83.622	60.946	61.040	80.274	90.306	59.693	91.776	75.855	76.263	84.856	68.188	81.120	76.315	70.109	68.373	74.142	66.497	82.058	83.486	85.257		78.572	49.025	79.680		88.895	89.312	108.979		68.605	82.085					
01/06/2001	84.912	61.999	62.913	80.847	90.519	61.261	92.995	76.755	77.132	85.299	72.313	81.794	78.754	71.321	72.865	74.882	71.962	83.360	83.828	85.574		79.342	52.219	80.708		89.059	89.468	113.409		71.006	82.663					
01/09/2001	85.154	62.653	64.617	81.169	91.042	62.013	94.368	77.418	77.866	85.696	71.298	82.371	78.603	72.787	70.010	75.356	74.477	84.411	84.247	85.734		79.984	51.794	81.473		89.168	86.238	112.166		69.060	83.693					
01/12/2001	85.496	63.224	67.012	81.919	91.628	63.318	94.476	77.969	78.696	86.186	72.686	82.910	79.290	72.766	69.406	76.724	74.138	85.086	84.970	86.140		80.930	52.519	82.504		89.138	86.631	112.556		67.537	85.445					
01/03/2002	85.776	64.167	69.964	82.568	91.881	63.707	96.999	78.678	79.421	86.701	73.209	84.053	78.145	74.505	72.279	76.652	80.892	85.640	86.160	86.146	87.782	81.705	53.437	83.861		89.556	89.747	114.656		68.764	85.128					
01/06/2002	85.977	64.320	74.013	82.834	91.682	64.348	96.318	79.043	80.323	87.015	74.053	84.435	77.816	73.183	73.267	76.849	80.850	85.217	86.950	86.655	85.598	82.640	52.541	83.763		90.008	90.153	112.614		72.273	85.695					
01/09/2002	86.310	64.757	73.982	83.499	92.295	64.703	99.035	79.423	81.095	87.466	74.876	85.139	78.451	71.941	72.999	76.701	81.675	83.826	87.765	86.929	78.403	83.556	51.731	84.177		90.050	89.557	112.091		74.299	85.981					
01/12/2002	86.804	65.307	72.252	83.889	92.549	65.926	99.344	80.973	81.880	87.952	74.760	85.561	80.788	70.962	72.906	76.041	84.802	84.647	87.863	86.990	79.727	84.399	52.794	84.369		90.098	91.357	112.700		74.781	86.008					
01/03/2003	87.113	64.682	71.424	83.880	92.916	66.424	101.518	81.239	82.697	88.264	73.958	86.289	80.676	69.474	73.259	78.212	83.327	83.775	88.339	87.522	76.250	84.743	53.010	84.951		90.323	91.332	108.081		74.446	86.408					
01/06/2003	87.734	65.688	72.044	84.297	92.954	67.623	101.599	81.464	83.422	88.703	75.569	87.029	81.423	67.991	72.360	78.170	82.518	83.963	88.818	87.630	73.729	86.090	52.663	85.768		89.799	91.634	103.236		69.171	83.682					
01/09/2003	88.101	66.729	70.047	84.814	93.599	66.802	100.608	83.189	84.327	89.164	76.751	88.516	80.071	69.156	71.874	78.400	81.346	83.639	89.324	87.864	72.315	86.036	55.228	86.090		90.052	91.918	103.983		67.880	82.428					
01/12/2003	88.688	67.239	70.503	84.723	93.399	68.912	102.855	83.061	84.920	89.540	76.237	88.148	85.433	69.181	72.260	79.537	84.381	83.380	89.692	88.267	69.875	86.828	54.803	85.830		90.313	93.631	105.422		68.588	82.085					
01/03/2004	89.165	69.365	70.798	85.518	93.928	69.784	100.958	84.190	85.789	89.987	77.337	88.518	83.161	68.893	72.194	79.821	84.659	84.288	89.507	89.336	68.847	86.678	55.120	86.061		90.626	91.581	108.364		66.080	81.168					
01/06/2004	89.271	69.395	72.490	85.547	94.312	69.620	102.508	85.024	86.672	90.125	79.744	89.412	83.242	70.980	73.633	80.541	88.260	84.351	90.118	89.123	70.786	87.625	56.851	85.829		90.458	92.378	111.648		70.338	82.954					
01/09/2004	89.823	69.998	74.369	86.283	94.431	70.869	102.227	85.897	87.515	90.419	80.789	89.862	85.376	72.516	75.120	81.667	88.352	85.107	90.586	89.184	76.588	88.147	57.950	86.375		90.771	92.804	111.251		71.812	82.991					
01/12/2004	90.339	69.702	76.896	87.003	94.267	72.330	102.985	84.852	88.534	90.956	79.863	91.024	87.472	71.605	76.187	81.585	88.777	84.614	91.188	89.645	81.756	89.483	61.874	87.389		90.817	93.857	108.476		75.005	83.329					
01/03/2005	90.626	72.148	78.684	87.937	94.710	72.960	102.990	85.832	89.390	91.440	80.177	90.629	86.472	71.881	76.858	81.889	89.971	84.480	91.416	91.267	85.382	89.392	68.388	87.148		90.834	93.216	109.287		74.623	82.583					
01/06/2005	91.163	73.723	77.793	87.919	94.781	74.778	105.428	86.872	90.353	91.944	83.417	90.883	87.956	74.694	79.266	83.318	89.818	85.925	91.984	91.365	84.826	90.419	72.002	87.916		91.473	92.253	113.131		79.054	82.916					
01/09/2005	91.762	74.293	78.622	88.659	94.951	75.462	105.074	86.949	91.093	92.208	83.756	91.235	88.840	76.290	80.286	85.016	92.726	86.862	92.092	91.578	86.609	91.407	76.310	87.821		91.669	91.200	111.922		82.721	82.856					
01/12/2005	92.702	75.914	80.556	89.278	94.839	76.744	106.587	87.340	92.130	92.920	84.425	92.831	89.681	79.047	81.207	86.789	91.837	87.173	92.880	92.029	86.858	92.441	74.941	88.288		92.041	90.686	113.450		85.165	83.630					
01/03/2006	93.000	76.015	82.023	89.961	94.857	78.974	107.654	89.330	93.083	93.298	85.774	92.027	90.057	79.208	81.959	89.620	89.307	87.184	93.977	92.634	90.330	92.510	78.531	88.762		91.768	92.241	113.514		86.724	83.428					
01/06/2006	93.303	78.229	82.710	90.129	95.148	80.614	107.837	89.918	93.867	93.687	87.553	93.278	90.904	82.868	82.980	89.928	87.509	88.689	93.877	93.038	87.429	93.235	81.565	89.351		91.777	93.136	114.111		89.506	83.669					
01/09/2006	93.904	80.125	83.874	90.584	95.192	82.056	109.577	90.349	94.914	94.367	87.752	93.348	91.620	86.928	87.214	90.219	86.451	89.332	94.407	93.552	88.677	94.211	83.133	90.184		92.802	93.880	116.602		87.568	83.442					
01/12/2006	94.504	81.219	85.356	90.124	95.254	84.226	107.845	89.596	95.546	95.159	87.615	93.860	92.603	89.751	86.845	91.094	91.321	89.227	95.229	93.994	94.007	95.264	88.018	91.065		93.000	95.581	118.617		84.507	82.966					
01/03/2007	95.275	86.396	87.159	91.750	96.321	87.841	110.321	92.298	96.453	95.641	88.337	94.383	92.900	94.406	89.571	90.425	96.616	89.587	96.029	94.514	92.581	95.879	94.259	92.148		94.374	96.410	119.834		85.625	82.293					
01/06/2007	95.526	85.120	86.171	92.101	96.634	89.538	110.574	91.944	97.205	96.138	89.813	94.664	94.106	99.123	90.886	91.473	98.489	91.275	96.297	94.675	95.641	96.274	100.894	93.199		94.433	96.241	118.514		88.185	81.245					
01/09/2007	95.534	88.153	87.994	92.459	96.879	92.854	109.063	92.936	97.746	96.825	91.556	95.424	94.528	102.125	93.481	91.583	98.789	91.520	96.520	95.690	96.081	96.721	106.093	94.053		95.244	95.858	119.336		90.835	81.724					
01/12/2007	95.913	90.458	91.645	93.664	97.065	95.042	108.898	94.683	98.592	97.534	92.721	97.134	95.268	106.613	94.092	92.797	99.103	91.988	96.597	96.738	101.121	97.529	103.383	94.933		95.499	97.034	115.367		95.034	81.895					
01/03/2008	96.653	91.735	96.930	94.858	97.236	95.888	109.097	96.079	99.145	98.282	94.866	96.572	96.556	109.957	99.652	93.839	100.690	92.494	98.295	96.926	104.652	97.647	100.074	96.023		96.445	97.082	109.108		97.674	85.182					
01/06/2008	97.286	93.906	100.625	95.496	97.531	96.986	107.560	96.564	99.476	98.772	96.362	97.783	98.072	112.357	101.503	94.481	103.828	93.604	98.052	96.912	110.139	98.239	104.339	96.816		97.941	97.736	104.390		101.758	84.858					
01/09/2008	97.847	96.441	104.489	97.305	97.549	97.001	108.359	97.277	99.902	98.948	99.518	97.636	99.048	114.213	102.002	95.928	107.152	93.435	99.042	96.984	115.027	98.202	111.526	98.211		98.826	97.396	105.006		101.865	85.134					
01/12/2008	97.801	96.678	98.858	97.414	97.822	101.940	109.991	97.042	99.837	99.357	99.529	99.137	98.369	112.475	100.022	96.580	99.977	95.745	99.633	98.203	102.144	99.061	108.145	99.679		98.060	91.636	100.068		88.687	90.086					
01/03/2009	97.873	98.863	93.875	96.263	98.646	99.067	105.892	99.473	99.675	99.145	96.800	99.338	97.387	102.023	101.480	96.062	91.331	95.391	100.137	98.715	86.882	98.758	91.856	100.627		99.969	86.069	92.551		81.984	91.703					
01/06/2009	97.933	100.825	96.122	96.030	99.019	96.758	104.216	99.380	99.964	98.823	98.384	99.446	97.981	103.198	99.122	95.990	93.901	96.032	98.621	98.898	88.078	99.425	96.598	100.942		99.526	87.435	95.935		85.102	90.903					
01/09/2009	98.531	96.691	99.163	97.251	99.527	97.543	102.075	98.677	99.817	98.680	98.724	99.830	97.711	100.203	94.952	96.338	98.467	96.347	99.104	99.164	94.633	99.198	96.083	100.898		99.357	90.576	97.159		87.495	90.558					
01/12/2009	98.264	99.987	98.975	98.023	99.787	97.942	101.039	100.010	99.906	99.088	99.865	100.098	99.068	99.845	95.320	97.524	100.882	97.601	98.725	99.601	94.004	100.056	99.172	101.090		99.749	91.434	93.639		91.552	91.376					
01/03/2010	98.712	97.305	97.930	99.413	99.697	98.741	101.238	99.809	99.943	99.453	99.709	99.582	98.974	98.280	98.747	97.010	101.716	99.392	99.170	99.668	99.157	99.950	99.944	100.202		99.041	95.750	96.279		95.985	94.203					
01/06/2010	99.993	98.819	99.192	99.992	99.649	98.425	100.489	100.222	99.924	99.839	100.084	99.894	99.938	99.055	98.256	99.771	99.618	99.374	100.303	99.446	99.345	99.591	99.899	100.069		99.736	98.470	100.933		99.960	97.954					
01/09/2010	100.417	99.693	101.417	99.991	100.147	101.327	99.980	100.623	100.036	100.259	100.677	100.018	100.380	100.856	101.541	100.600	97.945	100.052	100.682	100.144	99.880	100.161	100.549	99.731		100.130	101.808	102.766		101.761	103.659					
01/12/2010	100.856	104.099	101.417	100.596	100.473	101.349	98.317	100.490	100.098	100.444	99.572	100.497	100.704	102.188	101.412	102.394	100.922	101.239	99.918	100.725	101.529	100.297	99.727	99.500		101.050	104.076	100.102		102.390	104.510					
01/03/2011	101.465	108.097	102.832	100.809	100.555	104.263	99.287	100.735	99.981	100.574	99.645	100.869	100.402	105.460	103.261	103.476	102.119	101.632	99.643	101.020	103.551	100.201	103.023	100.638		101.282	108.465	102.713		106.878	107.777					
01/06/2011	101.891	107.486	103.588	100.026	100.828	105.161	99.913	100.661	100.110	100.781	100.047	101.121	101.740	104.930	104.677	104.393	104.929	102.113	99.854	101.525	103.517	99.558	105.104	100.646		102.534	106.892	98.596		109.324	110.789					
01/09/2011	102.048	106.787	104.047	100.557	101.276	105.347	100.351	100.581	99.924	101.052	99.317	101.630	102.381	105.684	106.587	105.484	102.939	102.751	100.350	102.208	99.430	99.749	103.247	101.233		103.040	105.752	99.466		110.083	118.783					
01/12/2011	102.599	101.984	100.987	100.985	101.640	106.396	99.032	101.887	100.101	101.372	99.207	102.267	103.143	109.338	106.438	105.726	94.288	102.647	100.814	102.361	94.318	99.405	102.291	101.763		103.478	106.436	102.660		112.112	112.326					
01/03/2012	103.825	105.354	101.763	102.147	101.970	107.048	101.071	101.244	99.964	101.633	99.464	102.688	102.110	110.929	107.943	107.349	96.588	103.882	100.990	102.685	98.625	99.053	102.760	101.398		104.627	109.438	105.476		117.175	114.519					
01/06/2012	103.930	107.557	101.408	103.130	102.280	108.552	102.665	100.656	99.863	102.020	99.897	102.938	103.703	112.072	107.959	107.011	98.790	104.118	101.323	103.482	99.425	98.472	102.367	101.675		105.310	109.574	108.853		116.462	114.906					
01/09/2012	103.866	108.632	102.440	103.541	102.895	109.151	102.391	100.575	100.388	102.318	100.719	102.869	104.149	112.045	107.534	107.137	104.050	104.676	101.223	104.177	102.359	99.341	102.325	101.553		105.916	115.426	112.859		119.265	114.825					
01/12/2012	104.445	108.378	102.490	103.497	103.365	109.649	100.497	99.789	100.176	102.503	100.950	102.985	105.496	112.668	108.598	108.290	103.869	104.779	102.819	105.259	102.851	100.506	103.062	102.163		106.630	113.390	111.439		120.137	114.367					
01/03/2013	104.870	108.249	101.146	103.400	103.936	111.030	102.704	100.033	100.449	102.777	100.347	103.676	101.097	112.315	108.462	106.949	100.816	105.059	102.999	105.269	101.142	100.915	107.108	102.393		107.426	115.248	105.925		120.786	112.553					
01/06/2013	105.125	106.492	100.315	103.578	104.382	112.295	103.258	98.709	100.411	102.929	100.349	104.076	105.752	113.466	110.190	108.466	101.896	105.778	103.133	105.584	100.517	100.997	107.049	103.233		108.217	114.561	106.009		118.095	112.260					
01/09/2013	104.823	105.324	100.679	103.904	104.925	113.014	103.676	97.169	100.291	102.948	100.277	104.235	102.587	113.244	109.753	109.508	101.067	106.953	102.775	105.833	99.453	102.391	107.346	103.713		108.466	113.703	106.397		114.661	112.045					
01/12/2013	105.597	108.349	98.664	104.297	105.342	113.173	101.018	95.989	100.652	102.961	99.110	104.477	101.602	113.435	109.619	112.076	100.965	107.589	102.866	105.746	102.190	102.033	107.844	103.830		109.126	111.874	108.269		111.632	112.306					
01/03/2014	105.613	104.573	96.408	104.513	105.835	113.651	101.513	95.867	100.239	103.347	98.798	105.175	100.821	114.217	110.806	110.072	100.288	107.851	103.308	106.703	101.872	102.288	106.242	103.952		109.393	112.249	110.676		109.415	112.552					
01/06/2014	105.394	105.501	97.032	104.916	106.354	113.749	101.628	95.745	100.081	103.333	99.847	104.886	101.617	114.612	110.350	110.468	101.133	108.218	102.623	107.688	102.185	102.098	110.259	104.149		109.854	110.384	113.398		111.392	112.747					
01/09/2014	106.062	109.528	96.841	104.428	106.752	114.641	102.680	96.514	100.175	103.422	99.730	104.899	101.913	115.064	110.838	111.979	100.474	109.260	103.141	107.937	102.339	102.714	109.347	104.271		110.548	109.190	116.571		109.897	113.363					
01/12/2014	106.142	108.841	97.155	105.775	107.150	114.627	103.234	96.226	100.521	103.881	98.987	105.500	100.218	115.794	110.378	111.681	100.196	109.857	103.316	108.416	100.440	102.291	109.173	103.840		110.776	108.743	116.516		104.242	113.641					
01/03/2015	106.317	108.928	97.245	105.603	107.924	114.982	108.267	95.407	100.794	104.343	99.003	105.770	99.701	115.012	110.432	111.578	101.116	110.472	102.806	109.140	101.790	103.694	110.899	104.552		111.617	108.556	123.963		101.993	127.798					
01/06/2015	106.501	111.412	98.578	105.586	108.541	114.783	109.323	94.926	100.674	104.470	99.919	105.802	100.250	115.007	111.082	112.342	102.484	111.184	104.076	110.178	104.663	104.134	110.334	104.699		111.960	110.058	129.049		104.054	131.304					
01/09/2015	107.343	108.463	99.813	105.557	108.835	116.232	109.713	95.529	100.851	104.759	100.112	106.201	100.233	114.537	110.617	112.692	101.498	111.974	104.557	110.500	101.917	104.791	112.753	104.894		112.569	108.605	129.168		96.872	127.189					
01/12/2015	107.763	110.019	99.976	105.623	109.332	116.140	111.777	94.644	101.145	104.945	99.372	106.623	99.602	114.633	111.695	113.474	102.642	112.165	104.264	110.892	101.479	105.074	111.631	105.379		112.669	110.305	127.854		93.033	125.559					
01/03/2016	107.205	112.630	100.813	105.179	109.724	116.227	109.740	94.157	100.748	105.051	100.115	106.963	97.604	115.106	110.572	112.254	101.504	112.895	104.037	111.286	98.322	105.771	109.987	105.853		112.372	110.564	121.338		89.895	123.750					
01/06/2016	108.835	110.726	100.898	105.458	109.953	116.286	108.748	94.620	100.989	104.860	101.429	106.782	99.171	115.027	111.564	110.889	101.798	112.989	104.524	111.078	98.374	105.891	112.458	105.338		113.331	111.316	119.645		93.308	123.968					
01/09/2016	109.121	112.200	101.276	105.607	110.161	117.391	109.557	94.116	101.187	105.025	101.193	106.871	99.870	115.956	112.348	110.583	102.054	113.189	104.715	111.336	99.540	105.938	113.284	105.873		113.284	109.492	111.415		94.253	124.721					
01/12/2016	109.537	113.134	101.194	106.676	110.605	118.904	111.206	94.105	101.678	105.188	100.725	107.384	100.340	116.632	113.124	110.583	103.809	113.546	104.966	111.789	98.378	106.432	114.243	106.705		113.376	108.064	109.522		98.436	125.848					
01/03/2017	110.092	112.031	101.479	106.375	110.745	120.926	109.432	95.170	101.480	105.580	101.800	107.208	98.767	117.120	114.823	112.683	105.598	115.118	105.318	112.416	100.888	106.520	115.723	106.911		113.874	111.041	111.245		100.817	127.458					
01/06/2017	110.718	113.628	103.899	107.638	111.657	121.579	111.870	94.538	101.944	105.824	102.977	107.366	101.196	118.107	115.791	113.315	106.543	115.566	105.428	112.806	103.648	107.520	115.635	107.990		113.788	109.392	111.478		95.755	125.549					
01/09/2017	110.954	113.937	106.688	107.892	112.372	122.590	109.711	94.714	102.160	105.986	103.599	107.788	101.642	118.765	117.655	113.435	108.231	115.801	105.844	113.249	103.369	107.591	116.484	108.549		114.258	110.987	107.441		95.523	120.419					
01/12/2017	111.328	113.818	109.187	108.003	112.444	122.717	107.234	94.630	102.876	106.076	102.321	108.324	101.447	120.051	118.705	114.191	107.840	116.324	106.248	113.810	104.622	108.185	117.642	109.114		114.663	108.935	109.039		95.230	117.309					
