Date	European Union (EU6-1972, EU9-1980, EU10-1985, EU12-1994, EU15-2004, EU25-2006, EU27-2013, EU28)	European Union (current composition)	Euro area (EA11-2000, EA12-2006, EA13-2007, EA15-2008, EA16-2010, EA17-2013, EA18-2014, EA19)	Euro area (19 countries)	Euro area (18 countries)	Belgium	Bulgaria	Czech Republic	Denmark	Germany (until 1990 former territory of the FRG)	Estonia	Ireland	Greece	Spain	France	Croatia	Italy	Cyprus	Latvia	Lithuania	Luxembourg	Hungary	Malta	Netherlands	Austria	Poland	Portugal	Romania	Slovenia	Slovakia	Finland	Sweden	United Kingdom	European Economic Area (EEA18-2004, EEA28-2006, EEA30-2013, EEA31)	Iceland	Norway	Switzerland	Former Yugoslav Republic of Macedonia, the	Serbia	Turkey	United States
01/01/1999	1.2		1.6			1.4	-3.7		2.5	1.5		0.3	4.0	0.7	1.1		3.4	0.7	-3.7	-0.9	-0.3		0.7	0.4	0.6	2.6	3.4			1.8	2.0	-0.9	-0.7	1.2	-0.7	1.1				72.4	
01/02/1999	1.1		1.5			1.7	-1.6		2.7	1.6		0.4	3.8	0.7	0.9		2.8	0.5	-4.9	-1.9	-0.2		0.5	0.4	0.6	1.5	3.5			1.4	1.8	-0.7	-1.0	1.1	-0.7	1.2				69.5	
01/03/1999	1.0		1.5			1.9	-2.3		2.9	1.7		0.6	3.0	0.7	0.7		2.4	0.2	-6.2	-3.0	-0.1		0.3	0.3	0.6	1.0	3.6			1.1	1.6	-0.6	-1.3	1.0	-0.6	1.2				66.4	
01/04/1999	0.8		1.3			2.2	-4.3		3.0	1.6		0.7	1.5	0.7	0.5		1.9	-0.1	-7.4	-4.1	0.0		0.1	0.4	0.6	0.8	3.7			0.8	1.4	-0.6	-1.6	0.8	-0.5	1.2				63.1	
01/05/1999	0.6		1.2			2.2	-5.8		3.1	1.6		0.7	0.0	0.7	0.3		1.5	-0.6	-8.6	-5.6	0.1		-0.1	0.5	0.5	0.4	3.7			0.7	1.2	-0.6	-1.9	0.6	-0.4	1.0				60.1	
01/06/1999	0.4		1.1			2.1	-6.9		3.2	1.5		0.9	-1.3	0.7	0.1		1.1	-1.2	-9.9	-6.8	0.2		-0.3	0.5	0.4	0.4	3.7			0.9	1.1	-0.6	-2.1	0.4	-0.3	0.7				57.3	
01/07/1999	0.3		0.9			2.1	-7.8		3.4	1.3		1.0	-2.6	0.7	-0.2		0.9	-1.5	-11.1	-8.2	0.2		-0.5	0.6	0.4	0.7	3.7			1.6	0.9	-0.7	-2.3	0.3	-0.2	0.5				55.6	
01/08/1999	0.1		0.8			1.9	-8.7		3.3	1.2		1.2	-3.9	0.6	-0.6		0.5	-1.8	-12.3	-9.4	0.3		-0.7	0.6	0.3	1.0	3.7			2.5	0.6	-0.8	-2.4	0.1	-0.1	0.2				53.5	
01/09/1999	-0.1		0.6			1.8	-8.9		3.2	1.1		1.3	-5.9	0.7	-0.8		0.2	-1.8	-13.4	-10.5	0.4		-0.9	0.6	0.2	0.9	3.7			3.5	0.4	-0.9	-2.7	-0.1	0.2	0.0				52.7	
01/10/1999	-0.2		0.6			1.6	-8.7		2.9	1.0		1.5	-7.7	0.7	-0.8		0.3	-1.7	-13.6	-11.7	0.6		-1.0	0.7	0.2	0.7	3.7			3.9	0.1	-1.1	-2.9	-0.2	0.4	-0.1				51.5	
01/11/1999	-0.4		0.5			1.6	-8.7		2.6	0.9	5.5	1.7	-9.1	0.7	-1.0		0.5	-1.6	-13.7	-12.6	0.7		-1.2	0.8	0.1	0.8	3.6			4.4	-0.1	-1.3	-3.1	-0.4	0.7	-0.3				51.3	
01/12/1999	-0.5		0.5			1.5	-8.6		2.3	0.7	5.0	1.9	-9.8	0.7	-1.1		0.6	-1.4	-14.0	-13.4	0.9		-1.3	0.9	0.1	1.1	3.6			4.9	-0.2	-1.6	-3.3	-0.5	1.0	-0.4				51.4	
01/01/2000	-0.6		0.5			1.5	-8.3		1.8	0.7	3.6	2.0	-10.4	0.8	-1.1		0.7	-1.2	-14.2	-14.2	1.0		-1.5	1.0	0.2	1.8	3.5			5.7	-0.4	-1.8	-3.8	-0.6	1.1	-0.6				51.9	
01/02/2000	-0.7		0.5			1.4	-7.5		1.3	0.6	2.3	1.9	-11.1	0.8	-1.0		1.0	-0.9	-14.4	-14.6	1.1		-1.7	1.2	0.3	2.5	3.5			6.3	-0.5	-2.0	-4.0	-0.7	1.2	-0.8				52.9	
01/03/2000	-0.7		0.6			1.3	-6.3		0.8	0.4	1.1	1.8	-11.5	0.9	-0.9		1.2	-0.4	-14.6	-15.1	1.1		-1.9	1.3	0.3	3.0	3.4			7.0	-0.6	-2.1	-4.2	-0.7	1.3	-1.0				53.6	
01/04/2000	-0.7		0.6			1.2	-4.6		0.4	0.4	-0.1	1.7	-11.4	1.0	-0.8		1.5	0.2	-14.9	-15.5	1.1		-2.1	1.3	0.4	3.3	3.3			7.5	-0.8	-2.2	-4.5	-0.7	1.3	-1.1				54.9	
01/05/2000	-0.7		0.7			1.2	-3.0		0.0	0.4	-1.0	1.6	-11.4	1.1	-0.6		1.7	0.9	-15.8	-15.5	1.2		-2.3	1.4	0.6	3.7	3.2			7.9	-0.9	-2.2	-4.7	-0.7	1.1	-0.9				56.1	
01/06/2000	-0.7		0.8			1.3	-1.2		-0.4	0.4	-1.4	1.5	-11.5	1.2	-0.6		2.0	1.5	-16.8	-15.4	1.2		-2.5	1.4	0.7	3.9	3.2			7.9	-1.1	-2.3	-4.9	-0.7	0.9	-0.6				57.2	
01/07/2000	-0.7		0.8			1.3	0.5		-0.8	0.5	-1.7	1.4	-11.6	1.2	-0.4		2.1	1.9	-17.9	-15.1	1.3		-2.7	1.5	0.8	4.0	3.1			7.3	-1.2	-2.3	-5.0	-0.7	0.7	-0.3				57.6	
01/08/2000	-0.7		0.9			1.4	2.4		-1.0	0.4	-1.9	1.3	-11.7	1.3	-0.3		2.2	2.4	-18.9	-15.0	1.4		-2.9	1.6	0.9	4.1	3.0			6.5	-1.2	-2.3	-5.1	-0.7	0.5	0.0				58.3	
01/09/2000	-0.7		1.0			1.5	3.4		-1.2	0.4	-2.0	1.2	-10.3	1.5	-0.1		2.4	2.9	-20.6	-14.7	1.5		-3.0	1.7	1.0	4.5	2.9			5.7	-1.3	-2.3	-5.2	-0.6	0.3	0.2				58.3	
01/10/2000	-0.6		1.0			1.6	4.1		-1.2	0.3	-2.0	1.1	-8.9	1.6	-0.1		2.3	3.3	-21.0	-14.2	1.5		-3.2	1.7	1.1	4.9	2.8			5.1	-1.3	-2.3	-5.2	-0.6	0.2	0.4				57.7	
01/11/2000	-0.6		1.0			1.7	5.0		-1.2	0.3	-1.7	1.0	-7.6	1.7	0.0		2.3	3.6	-21.4	-14.0	1.6		-3.4	1.7	1.2	5.1	2.7			4.5	-1.4	-2.2	-5.2	-0.6	0.0	0.6				56.1	
01/12/2000	-0.5		1.0			1.7	5.7		-1.2	0.3	-1.5	1.0	-6.6	1.8	0.1		2.2	3.8	-21.6	-13.6	1.6		-3.6	1.6	1.3	5.0	2.6			4.1	-1.5	-2.1	-5.2	-0.5	-0.2	0.8				53.5	
01/01/2001	-0.4		1.0			1.7	6.4		-1.0	0.2	-0.9	0.8	-5.6	1.9	0.1		2.1	4.0	-22.0	-13.0	1.7		-3.4	1.7	1.4	4.8	2.6			3.3	-1.5	-2.1	-4.8	-0.4	-0.2	1.1				50.2	
01/02/2001	-0.4		1.0			1.8	6.8		-0.9	0.2	-0.4	0.7	-4.6	2.0	0.1		2.1	4.0	-22.5	-12.2	1.8		-3.1	1.7	1.5	4.5	2.5			2.7	-1.6	-2.2	-4.9	-0.4	-0.2	1.5				46.9	
01/03/2001	-0.3		1.0			1.8	6.5		-0.7	0.2	-0.1	0.6	-3.6	2.0	0.2		2.1	3.7	-22.1	-11.2	1.9		-2.9	1.7	1.5	4.0	2.5			2.0	-1.5	-2.4	-4.8	-0.3	-0.1	1.8				44.5	
01/04/2001	-0.3		1.0			1.9	6.2		-0.5	0.2	0.2	0.5	-2.6	2.0	0.3		2.1	3.5	-21.6	-10.3	2.0		-2.6	1.8	1.5	3.6	2.6			1.4	-1.4	-2.5	-4.8	-0.2	0.0	2.2				42.7	
01/05/2001	-0.2		1.1			2.0	5.9		-0.3	0.2	0.4	0.5	-1.6	2.0	0.5		2.1	3.2	-19.6	-9.5	2.1		-2.4	1.9	1.5	3.0	2.6			0.8	-1.3	-2.8	-4.7	-0.1	0.7	2.3				42.0	
01/06/2001	-0.1		1.1			2.0	5.2		-0.2	0.2	0.4	0.4	-0.5	2.0	0.6		2.0	2.9	-17.5	-8.9	2.1		-2.1	2.0	1.4	2.4	2.7			0.2	-1.1	-3.0	-4.7	-0.1	1.8	2.4				42.2	
01/07/2001	0.0		1.2			2.1	4.6		0.0	0.3	0.4	0.4	0.7	2.1	0.7		2.0	2.5	-15.1	-8.5	2.1		-1.9	1.9	1.4	1.9	2.7			-0.2	-1.0	-3.2	-4.6	0.0	2.9	2.5				42.9	
01/08/2001	0.1		1.2			2.2	3.9		0.1	0.4	0.3	0.4	1.9	2.1	0.8		2.0	2.1	-12.9	-7.9	2.1		-1.7	1.9	1.4	1.6	2.9			-0.4	-0.9	-3.4	-4.5	0.1	4.0	2.6				43.7	
01/09/2001	0.2		1.3			2.3	3.6		0.2	0.5	0.2	0.3	2.1	2.0	0.9		2.0	1.7	-8.8	-7.2	2.1		-1.5	1.9	1.5	0.9	3.0			-0.6	-0.7	-3.6	-4.3	0.2	4.9	2.9				45.5	
01/10/2001	0.2		1.4			2.3	3.3		0.4	0.7	0.0	0.2	2.4	2.0	0.9		2.0	1.2	-6.2	-6.4	2.1		-1.3	1.9	1.5	0.1	3.1			-0.8	-0.6	-3.8	-4.2	0.3	5.9	3.0				48.3	
01/11/2001	0.3		1.4			2.4	3.2	3.5	0.6	0.9	-0.4	0.1	2.4	1.9	0.8		1.9	0.8	-4.1	-5.1	2.1		-1.1	1.8	1.5	-0.6	3.3		4.6	-1.0	-0.4	-4.0	-3.8	0.4	7.1	3.2				49.8	
01/12/2001	0.4		1.4			2.4	3.0	3.1	0.7	1.0	-0.8	0.0	2.4	1.9	0.8		1.9	0.5	-2.2	-4.1	2.1		-0.9	1.8	1.5	-1.0	3.5		4.5	-1.3	-0.2	-4.2	-3.6	0.5	8.4	3.4				52.0	
01/01/2002	0.5		1.5			2.5	2.6	2.6	0.9	1.2	-1.3	0.1	2.3	1.9	0.8		1.8	0.2	0.2	-3.7	2.0		-0.9	1.6	1.5	-1.5	3.7		4.6	-1.4	0.0	-4.2	-3.4	0.6	9.6	3.3				57.6	
01/02/2002	0.7		1.6			2.5	2.1	2.1	1.0	1.4	-1.5	0.3	2.2	1.8	0.9		1.9	0.1	2.8	-3.5	1.9		-1.0	1.4	1.5	-1.8	3.9		4.7	-1.4	0.3	-4.3	-2.9	0.7	10.6	3.2				63.1	
01/03/2002	0.8		1.6			2.6	1.6	1.4	1.2	1.6	-1.8	0.5	2.2	1.8	0.9		2.0	0.0	4.4	-3.5	1.8		-1.0	1.2	1.5	-1.9	4.1		4.9	-1.6	0.5	-4.0	-2.5	0.9	11.6	3.1				67.9	
01/04/2002	0.9		1.7			2.6	1.0	0.8	1.4	1.7	-2.0	0.7	2.1	1.7	0.9		2.1	-0.2	5.9	-3.2	1.7		-1.1	1.0	1.6	-2.0	4.3		5.2	-1.7	0.6	-3.7	-2.1	1.0	12.5	2.9				71.8	
01/05/2002	1.0		1.7			2.6	0.4	0.4	1.6	1.8	-2.1	0.8	2.0	1.7	0.9		2.1	-0.3	6.2	-2.9	1.6		-1.2	0.8	1.7	-2.1	4.4		5.4	-1.7	0.8	-3.3	-1.8	1.1	12.4	2.8				73.6	
01/06/2002	1.1		1.7			2.5	0.0	0.1	1.9	1.8	-2.2	1.0	1.8	1.7	0.8		2.2	-0.4	6.2	-2.0	1.6		-1.2	0.7	1.8	-1.9	4.6		5.4	-1.7	1.0	-2.8	-1.4	1.2	11.5	2.6				73.6	
01/07/2002	1.2		1.7			2.4	-0.3	-0.1	2.2	1.8	-2.3	1.2	1.6	1.7	0.8		2.2	-1.2	6.1	-1.3	1.5		-1.3	0.6	1.9	-1.8	4.7		5.6	-1.5	1.1	-2.5	-1.2	1.2	10.5	2.5				73.2	
01/08/2002	1.2		1.7			2.3	-0.5	-0.4	2.5	1.8	-2.4	1.4	1.3	1.7	0.8		2.3	-2.1	6.4	-0.7	1.5		-1.2	0.5	1.9	-1.7	4.9		5.6	-1.3	1.3	-2.0	-1.1	1.2	9.7	2.4				73.1	
01/09/2002	1.2		1.7			2.2	-0.7	-0.6	2.8	1.7	-2.5	1.6	1.1	1.7	0.8		2.3	-2.7	5.6	-0.1	1.4		-1.2	0.5	1.9	-1.4	5.0		5.8	-1.1	1.4	-1.6	-1.0	1.3	8.8	2.2				71.4	
01/10/2002	1.3		1.7			2.0	-0.5	-0.9	2.9	1.6	-2.6	1.9	0.9	1.6	0.8		2.4	-3.4	4.7	-0.2	1.4		-1.1	0.5	1.9	-0.9	5.0		5.9	-0.9	1.5	-1.2	-1.0	1.3	7.9	2.0				68.5	
01/11/2002	1.3		1.8			1.9	-0.4	-1.0	3.1	1.5	-2.7	2.0	0.9	1.6	0.9		2.6	-4.2	5.4	-0.5	1.3	-3.8	-1.0	0.4	1.9	-0.4	5.1	20.9	5.4	-0.7	1.7	-0.7	-1.0	1.3	6.6	1.8				68.8	
01/12/2002	1.3		1.8	1.8	1.8	1.9	-0.3	-1.2	3.4	1.5	-2.8	2.2	0.9	1.6	1.0		2.7	-5.1	6.0	-0.7	1.3	-3.8	-1.0	0.3	1.8	0.0	5.0	20.2	5.5	-0.4	1.8	-0.3	-1.0	1.3	5.1	1.6				68.7	
01/01/2003	1.3		1.8	1.7	1.7	1.8	0.1	-1.3	3.6	1.3	-2.9	2.4	0.9	1.6	1.1		2.9	-6.0	6.5	-0.6	1.3	-3.6	-0.8	0.6	1.9	0.5	5.0	20.4	4.9	0.4	1.5	0.1	-1.0	1.3	3.6	1.5				62.6	
01/02/2003	1.3		1.7	1.7	1.7	1.7	0.5	-1.5	3.9	1.1	-3.0	2.5	0.9	1.7	1.0		2.8	-7.1	6.8	-0.4	1.3	-3.4	-0.5	0.9	1.9	0.6	4.9	20.7	4.7	1.1	1.2	0.5	-1.1	1.3	2.3	1.4				57.3	
01/03/2003	1.2		1.6	1.6	1.6	1.6	1.2	-1.6	4.2	0.9	-3.1	2.5	0.9	1.7	1.0		2.6	-8.1	6.1	0.0	1.3	-3.1	-0.3	1.1	1.9	0.5	4.8	21.3	4.5	1.9	0.9	0.7	-1.2	1.2	1.1	1.2				52.1	
01/04/2003	1.2		1.6	1.5	1.5	1.5	2.1	-1.6	4.4	0.8	-3.2	2.5	0.8	1.7	1.0		2.5	-9.0	5.3	0.1	1.4	-2.8	-0.1	1.3	1.9	0.4	4.7	21.6	4.3	2.7	0.5	0.8	-1.3	1.2	-0.1	1.1				47.7	
01/05/2003	1.1		1.5	1.5	1.5	1.5	3.0	-1.7	4.5	0.7	-3.4	2.5	0.8	1.7	1.0		2.4	-9.9	5.0	0.1	1.4	-2.4	0.2	1.5	1.9	0.4	4.6	21.6	3.9	3.4	0.1	0.9	-1.3	1.1	-0.5	1.0				44.2	
01/06/2003	1.1		1.5	1.5	1.5	1.5	3.7	-1.8	4.6	0.6	-3.5	2.4	0.9	1.7	1.1		2.3	-10.9	5.4	-0.5	1.5	-1.9	0.4	1.7	1.8	0.3	4.5	21.0	3.9	4.2	-0.3	1.0	-1.2	1.1	-0.7	0.8				41.0	
01/07/2003	1.1		1.5	1.5	1.5	1.5	3.7	-1.9	4.6	0.6	-3.8	2.4	1.0	1.8	1.2		2.2	-10.3	5.7	-0.7	1.6	-1.4	0.7	1.9	1.7	0.1	4.3	19.9	3.8	4.4	-0.8	1.1	-1.2	1.1	-0.8	0.6				37.6	
01/08/2003	1.1		1.5	1.4	1.4	1.6	3.8	-1.9	4.7	0.7	-4.0	2.3	1.0	1.8	1.2		2.1	-9.8	5.9	-1.1	1.5	-0.8	0.8	2.0	1.8	-0.1	4.1	19.5	3.9	4.6	-1.3	1.2	-1.1	1.1	-0.8	0.4				33.4	
01/09/2003	1.1		1.5	1.4	1.4	1.6	4.4	-1.9	4.8	0.7	-4.2	2.3	1.0	1.8	1.3		2.1	-9.3	6.1	-1.8	1.5	-0.3	0.9	2.1	1.7	-0.3	3.8	19.3	3.7	4.8	-1.9	1.2	-1.0	1.1	-0.8	0.2				29.4	
01/10/2003	1.2		1.5	1.4	1.4	1.6	4.1	-1.8	4.9	0.7	-4.5	2.2	0.9	1.8	1.4		1.9	-8.9	6.8	-2.0	1.6	0.0	1.0	2.3	1.7	-0.6	3.6	19.3	3.7	5.0	-2.4	1.4	-0.8	1.1	-0.7	0.0				26.0	
01/11/2003	1.2		1.5	1.4	1.4	1.5	3.8	-1.8	4.9	0.8	-4.7	2.1	0.7	1.8	1.5		1.7	-8.4	6.6	-2.4	1.6	0.3	1.2	2.5	1.7	-0.9	3.3	19.1	4.8	5.1	-3.1	1.4	-0.7	1.1	-0.5	-0.2				21.7	
01/12/2003	1.2		1.4	1.4	1.4	1.5	3.5	-1.7	4.9	0.9	-4.9	2.0	0.6	1.8	1.7		1.5	-8.9	6.7	-2.7	1.5	0.5	1.5	2.8	1.7	-1.3	3.1	18.8	4.8	5.2	-3.7	1.4	-0.5	1.1	0.0	-0.3				17.9	
01/01/2004	1.2		1.4	1.4	1.4	1.4	3.1	-1.6	4.8	1.0	-5.0	1.9	0.5	1.7	1.7		1.3	-9.4	6.7	-2.7	1.5	0.8	1.8	2.7	1.6	-1.5	2.9	18.0	5.4	4.1	-3.7	1.4	-0.4	1.1	0.5	-0.4				16.3	
01/02/2004	1.2		1.4	1.4	1.4	1.4	2.8	-1.4	4.5	1.2	-5.1	1.7	0.4	1.7	1.8		1.1	-9.6	6.9	-3.0	1.5	1.1	2.1	2.6	1.5	-1.2	2.6	17.0	5.5	3.0	-3.6	1.4	-0.1	1.2	0.9	-0.4				14.3	
01/03/2004	1.3		1.4	1.4	1.4	1.4	2.3	-1.2	4.3	1.3	-5.2	1.7	0.3	1.7	1.9		0.9	-9.8	7.9	-3.2	1.5	1.3	2.4	2.6	1.5	-0.5	2.4	16.0	5.4	2.5	-3.6	1.5	0.1	1.2	1.4	-0.4				12.8	
01/04/2004	1.3		1.4	1.4	1.4	1.4	1.7	-1.1	4.0	1.4	-5.4	1.6	0.2	1.6	1.9		0.8	-10.0	8.9	-3.6	1.5	1.6	2.6	2.5	1.4	0.3	2.2	15.0	5.3	2.1	-3.6	1.5	0.2	1.2	1.9	-0.3				10.6	
01/05/2004	1.2		1.3	1.3	1.3	1.2	1.1	-1.1	3.8	1.5	-5.5	1.6	0.1	1.6	1.9		0.6	-10.2	9.4	-4.0	1.4	1.9	2.7	2.4	1.4	1.1	1.9	13.8	5.5	1.8	-3.6	1.4	0.3	1.2	2.1	-0.2				8.6	
01/06/2004	1.2		1.3	1.3	1.3	1.1	1.1	-1.2	3.6	1.6	-5.6	1.5	0.1	1.6	2.0		0.3	-10.3	9.0	-4.2	1.4	2.1	3.0	2.3	1.3	1.9	1.8	12.9	5.4	1.5	-3.6	1.4	0.4	1.2	2.3	-0.1				7.6	
01/07/2004	1.1		1.2	1.2	1.2	1.0	1.7	-1.4	3.5	1.6	-5.7	1.5	0.1	1.5	1.9		0.1	-11.2	8.8	-4.5	1.4	2.2	3.2	2.2	1.3	2.7	1.6	12.3	5.3	1.4	-3.6	1.4	0.4	1.1	2.5	0.1				6.8	
01/08/2004	1.1		1.2	1.1	1.1	0.8	1.6	-1.6	3.2	1.6	-5.8	1.4	0.1	1.5	1.9		-0.1	-12.2	8.4	-4.4	1.4	2.2	3.5	2.0	1.1	3.5	1.5	11.6	5.0	1.4	-3.5	1.4	0.5	1.1	2.7	0.3				6.2	
01/09/2004	1.0		1.1	1.1	1.1	0.7	0.7	-2.0	3.0	1.5	-6.0	1.3	0.5	1.5	2.0		-0.3	-13.0	8.3	-4.0	1.4	2.2	3.7	2.0	0.9	4.4	1.5	10.6	4.7	1.2	-3.3	1.2	0.5	1.0	2.9	0.5				5.6	
01/10/2004	1.0		1.1	1.0	1.0	0.6	0.2	-2.4	2.8	1.4	-6.1	1.3	0.9	1.5	1.8		-0.4	-13.9	7.7	-3.8	1.4	2.2	4.0	1.9	0.8	5.3	1.5	9.5	4.2	1.0	-3.0	1.1	0.4	1.0	3.0	0.6				5.1	
01/11/2004	0.9		1.0	1.0	1.0	0.5	-0.3	-2.8	2.6	1.3	-6.2	1.3	1.1	1.6	1.7		-0.5	-14.4	7.3	-3.6	1.4	2.2	4.0	1.8	0.7	6.2	1.6	8.2	3.4	0.9	-2.7	1.1	0.2	0.9	3.2	0.8				5.2	
01/12/2004	0.8		1.0	0.9	0.9	0.5	-0.8	-3.2	2.3	1.2	-6.5	1.3	1.3	1.6	1.6		-0.4	-13.1	6.5	-3.5	1.4	2.3	4.0	1.6	0.7	6.9	1.8	6.7	2.8	0.6	-2.4	1.0	0.1	0.8	3.2	0.9				4.7	
01/01/2005	0.7		0.9	0.9	0.9	0.4	-1.3	-3.6	2.3	1.0	-6.7	1.2	1.5	1.6	1.4		-0.4	-11.9	6.2	-3.5	1.4	2.2	3.6	1.5	0.7	6.9	1.9	5.1	2.0	1.1	-2.4	0.9	-0.1	0.8	3.1	1.1				3.7	
01/02/2005	0.7		0.9	0.9	0.9	0.3	-1.8	-4.1	2.2	0.8	-7.0	1.2	1.7	1.7	1.3		-0.2	-10.9	5.8	-3.7	1.4	2.1	3.2	1.4	0.6	6.5	2.1	3.5	1.2	1.6	-2.4	0.7	-0.3	0.7	3.0	1.2				3.0	
01/03/2005	0.6		0.9	0.9	0.9	0.2	-2.1	-4.8	2.2	0.7	-7.3	1.1	1.9	1.7	1.3		0.0	-9.9	5.6	-3.9	1.4	2.0	2.9	1.4	0.6	5.7	2.2	2.0	0.7	1.0	-2.4	0.6	-0.5	0.6	2.8	1.3				2.1	
01/04/2005	0.5		0.9	0.9	0.9	0.1	-2.4	-5.3	2.2	0.6	-7.5	1.0	2.1	1.7	1.2		0.2	-8.9	5.7	-3.9	1.4	1.9	2.4	1.4	0.6	4.7	2.3	0.6	0.1	0.0	-2.3	0.4	-0.7	0.5	2.5	1.4				1.8	
01/05/2005	0.5		0.9	0.9	0.9	0.3	-2.7	-5.6	2.2	0.4	-7.7	1.0	2.3	1.8	1.2		0.5	-7.9	5.6	-4.1	1.5	1.6	2.0	1.4	0.6	3.3	2.3	-0.6	-0.9	-0.9	-2.2	0.4	-0.8	0.5	2.2	1.4				1.5	
01/06/2005	0.4		0.9	0.9	0.9	0.4	-3.2	-5.6	2.2	0.3	-7.8	1.0	2.2	1.8	1.0		0.8	-7.0	6.1	-4.3	1.4	1.4	1.5	1.4	0.5	1.9	2.4	-1.8	-1.6	-2.0	-2.1	0.2	-0.9	0.5	1.8	1.5				0.6	
01/07/2005	0.4		1.0	0.9	0.9	0.5	-4.0	-5.7	2.1	0.3	-7.9	1.0	2.0	1.7	1.0		1.1	-6.2	6.6	-4.7	1.4	1.1	1.1	1.5	0.6	0.4	2.5	-3.0	-2.4	-3.0	-1.9	0.1	-1.0	0.4	1.4	1.5				-0.3	
01/08/2005	0.4		1.0	1.0	1.0	0.7	-3.7	-5.6	2.2	0.2	-7.9	0.9	1.8	1.7	1.0		1.5	-5.3	7.0	-5.1	1.3	0.9	0.6	1.6	0.8	-1.0	2.6	-4.3	-3.1	-4.0	-1.9	-0.1	-1.1	0.4	1.0	1.5				-0.2	
01/09/2005	0.4		1.0	1.0	1.0	0.8	-3.0	-5.3	2.1	0.2	-7.8	0.9	1.3	1.7	0.8		1.7	-4.3	7.3	-5.8	1.3	0.6	0.0	1.7	0.9	-2.5	2.7	-5.4	-3.7	-4.6	-1.8	0.1	-1.2	0.4	0.6	1.5				0.2	
01/10/2005	0.4		1.1	1.0	1.0	0.9	-2.3	-4.8	2.1	0.3	-7.7	0.9	0.8	1.7	0.8		1.9	-3.2	7.4	-6.2	1.2	0.3	-0.5	1.8	1.1	-4.0	2.7	-6.3	-4.2	-5.3	-1.9	0.0	-1.1	0.4	0.0	1.5				0.7	
01/11/2005	0.4		1.1	1.0	1.0	1.0	-1.6	-4.4	2.1	0.4	-7.5	0.9	0.5	1.7	0.6		2.0	-2.3	7.2	-6.5	1.1	-0.2	-0.7	1.8	1.1	-5.5	2.7	-6.8	-5.1	-5.9	-1.9	-0.1	-1.0	0.4	-0.6	1.6				0.1	
01/12/2005	0.4		1.1	1.0	1.0	1.1	-0.9	-3.9	2.1	0.5	-7.3	0.9	0.3	1.7	0.5		2.1	-2.3	7.0	-6.9	1.1	-0.7	-1.0	1.9	1.1	-7.0	2.6	-7.0	-5.6	-6.5	-2.0	-0.1	-1.0	0.4	-1.2	1.6				0.1	
01/01/2006	0.5		1.2	1.1	1.1	1.2	-0.1	-3.4	2.0	0.7	-6.9	0.9	0.0	1.8	0.6		2.2	-2.2	6.3	-6.7	1.1	-1.2	-1.2	2.0	1.2	-7.6	2.6	-6.8	-6.0	-7.2	-2.1	-0.1	-0.9	0.5	-1.9	1.5				0.7	
01/02/2006	0.5		1.3	1.2	1.2	1.3	0.6	-2.9	1.8	0.9	-6.6	1.0	-0.4	1.9	0.6		2.3	-2.1	5.5	-6.5	1.0	-1.6	-1.2	2.0	1.1	-8.1	2.7	-6.4	-6.2	-8.0	-2.1	0.0	-0.9	0.5	-2.3	1.5				1.2	
01/03/2006	0.5		1.3	1.2	1.2	1.3	0.9	-2.2	1.6	1.0	-6.3	1.1	-0.7	2.0	0.5		2.3	-1.8	4.6	-6.4	1.0	-2.1	-1.5	2.1	1.1	-8.3	2.8	-5.9	-6.9	-8.2	-2.1	0.0	-0.9	0.5	-2.7	1.5				1.8	
01/04/2006	0.6		1.3	1.2	1.2	1.4	1.2	-1.6	1.5	1.1	-6.0	1.1	-1.1	2.0	0.5		2.3	-1.5	3.5	-6.3	1.0	-2.5	-1.3	2.1	1.1	-8.2	2.9	-5.5	-7.1	-8.2	-2.1	0.1	-0.9	0.6	-2.5	1.5				2.2	
01/05/2006	0.6		1.3	1.2	1.3	1.4	1.4	-1.1	1.3	1.2	-5.6	1.2	-1.4	2.1	0.5		2.2	-1.3	2.6	-5.9	1.0	-2.9	-1.4	2.1	1.1	-7.9	3.0	-5.0	-7.3	-8.1	-2.1	0.2	-0.8	0.6	-1.8	1.4				2.4	
01/06/2006	0.6		1.4	1.3	1.3	1.4	1.8	-0.9	1.1	1.3	-5.3	1.2	-1.6	2.3	0.6		2.1	-1.0	1.6	-5.6	1.0	-3.2	-1.3	2.1	1.1	-7.4	3.1	-4.4	-7.6	-8.0	-2.1	0.3	-0.7	0.6	-1.0	1.4				3.4	
01/07/2006	0.7		1.4	1.3	1.3	1.3	2.2	-0.6	1.0	1.4	-4.9	1.2	-1.7	2.4	0.6		1.9	-0.6	0.6	-5.0	1.0	-3.6	-1.2	1.9	1.0	-6.9	3.1	-3.7	-7.6	-7.7	-2.1	0.3	-0.7	0.7	-0.2	1.4				4.8	
01/08/2006	0.7		1.4	1.3	1.3	1.4	1.9	-0.4	0.8	1.5	-4.5	1.3	-1.8	2.5	0.5		1.8	-0.2	-0.1	-4.7	1.1	-3.8	-1.1	1.8	1.0	-6.3	3.1	-2.8	-7.6	-7.5	-2.0	0.4	-0.6	0.7	0.5	1.4				5.6	
01/09/2006	0.7		1.4	1.3	1.3	1.4	1.6	-0.4	0.7	1.5	-4.3	1.3	-1.8	2.5	0.5		1.8	0.1	-0.9	-4.4	1.1	-3.8	-1.0	1.7	0.9	-5.7	3.0	-2.0	-7.5	-7.5	-1.9	0.3	-0.5	0.7	1.3	1.3				6.2	
01/10/2006	0.7		1.4	1.3	1.3	1.4	1.4	-0.5	0.5	1.6	-4.2	1.3	-1.8	2.5	0.4		1.8	0.1	-1.2	-4.3	1.2	-3.6	-0.9	1.5	0.9	-5.1	2.9	-1.5	-7.5	-7.6	-1.9	0.3	-0.5	0.7	2.2	1.3				6.8	
01/11/2006	0.7	0.7	1.4	1.3	1.3	1.4	1.1	-0.7	0.4	1.6	-4.1	1.3	-1.8	2.5	0.5	-1.2	1.7	-0.6	-1.4	-4.2	1.2	-3.5	-0.9	1.4	0.8	-4.2	2.8	-1.2	-7.2	-7.8	-1.8	0.2	-0.5	0.7	3.3	1.3	0.7	-3.5		8.1	
01/12/2006	0.7	0.7	1.3	1.2	1.3	1.4	0.8	-0.8	0.3	1.5	-4.0	1.2	-1.9	2.5	0.6	-0.3	1.6	-1.3	-1.3	-4.0	1.2	-3.1	-0.8	1.2	0.7	-3.3	2.7	-1.3	-7.1	-7.9	-1.7	0.3	-0.4	0.7	4.6	1.2	0.8	-4.1		8.9	
01/01/2007	0.7	0.7	1.3	1.2	1.2	1.3	0.6	-1.0	0.2	1.7	-3.9	1.2	-1.7	2.4	0.5	0.7	1.5	-2.2	-1.0	-4.6	1.2	-2.6	-0.8	1.1	0.7	-2.7	2.5	-1.5	-6.9	-7.9	-1.6	0.2	-0.4	0.7	6.3	1.2	0.8	-4.3		9.3	
01/02/2007	0.8	0.8	1.3	1.2	1.2	1.3	0.3	-1.2	0.3	1.8	-3.8	1.1	-1.5	2.3	0.5	1.5	1.5	-3.0	-0.6	-4.9	1.2	-2.2	-0.8	1.0	0.7	-2.1	2.2	-1.7	-6.6	-7.9	-1.6	0.2	-0.3	0.8	7.8	1.1	0.8	-4.1		9.9	
01/03/2007	0.8	0.8	1.3	1.2	1.2	1.3	0.2	-1.4	0.3	1.9	-3.7	1.0	-1.4	2.2	0.7	2.5	1.4	-3.9	0.0	-4.7	1.2	-1.7	-0.7	0.9	0.7	-1.6	2.0	-1.8	-6.1	-8.0	-1.6	0.1	-0.1	0.8	9.2	1.0	0.8	-3.8		10.4	
01/04/2007	0.9	0.9	1.3	1.3	1.3	1.3	0.2	-1.5	0.3	2.1	-3.7	0.9	-1.2	2.1	0.7	2.9	1.4	-4.9	0.6	-4.4	1.2	-1.2	-0.8	0.8	0.7	-1.3	1.7	-1.9	-5.7	-8.1	-1.6	0.0	0.0	0.9	9.9	0.9	0.8	-3.1		11.0	
01/05/2007	0.9	0.9	1.3	1.3	1.3	1.3	0.5	-1.7	0.3	2.2	-3.7	0.8	-1.0	2.0	0.7	3.5	1.5	-5.8	1.1	-4.3	1.2	-0.7	-0.7	0.6	0.7	-1.0	1.5	-2.1	-5.3	-8.1	-1.7	-0.1	0.0	0.9	9.5	0.8	0.8	-2.5		11.3	
01/06/2007	0.9	0.9	1.3	1.3	1.3	1.2	0.7	-1.8	0.2	2.4	-3.7	0.8	-0.9	1.9	0.7	3.6	1.5	-6.7	1.7	-3.9	1.2	-0.2	-0.7	0.6	0.7	-0.8	1.2	-2.6	-4.8	-8.2	-1.7	-0.1	0.1	0.9	9.0	0.8	0.8	-1.7		10.6	
01/07/2007	0.9	0.9	1.4	1.3	1.3	1.1	1.0	-1.9	0.1	2.5	-3.7	0.7	-0.7	1.8	0.8	3.6	1.5	-7.5	2.3	-3.6	1.2	0.5	-0.7	0.6	0.6	-0.6	1.0	-3.4	-4.4	-8.3	-1.8	-0.2	0.1	0.9	8.5	0.7	0.8	-1.0		9.1	
01/08/2007	0.9	1.0	1.4	1.3	1.3	1.1	1.3	-1.9	-0.1	2.6	-3.7	0.7	-0.7	1.7	0.9	3.7	1.6	-8.3	2.8	-3.1	1.1	1.0	-0.7	0.7	0.5	-0.5	0.7	-4.0	-4.3	-8.4	-1.9	-0.2	0.1	0.9	8.2	0.6	0.8	-0.3		7.7	
01/09/2007	1.0	1.0	1.4	1.3	1.3	1.0	1.7	-1.9	-0.3	2.8	-3.7	0.6	-0.6	1.6	1.0	3.5	1.6	-9.0	3.2	-2.4	1.1	1.4	-0.8	0.6	0.4	-0.4	0.4	-4.4	-4.2	-8.5	-2.0	-0.2	0.0	0.9	7.8	0.6	0.8	0.6		6.5	
01/10/2007	1.0	1.0	1.4	1.4	1.4	0.9	1.7	-1.8	-0.6	2.9	-3.7	0.6	-0.6	1.5	1.2	3.0	1.5	-9.7	3.3	-1.5	1.1	1.7	-0.9	0.6	0.4	-0.2	0.2	-4.5	-4.2	-8.5	-2.2	-0.3	0.0	1.0	7.4	0.5	0.8	1.5		4.8	
01/11/2007	1.0	1.0	1.5	1.4	1.4	0.8	2.4	-1.7	-0.8	3.0	-3.8	0.6	-0.6	1.4	1.3	2.7	1.5	-9.0	3.5	-0.6	1.0	2.0	-0.9	0.7	0.3	-0.1	-0.1	-4.4	-4.2	-8.4	-2.4	-0.3	0.0	1.0	7.0	0.5	0.8	2.5	-0.3	3.2	
01/12/2007	1.0	1.0	1.5	1.4	1.4	0.8	3.0	-1.6	-1.1	3.2	-3.9	0.6	-0.7	1.3	1.5	2.3	1.5	-8.2	3.5	0.2	1.0	2.1	-0.9	0.7	0.4	-0.1	-0.3	-3.8	-4.2	-8.4	-2.7	-0.3	-0.1	1.0	6.4	0.4	0.8	3.1	-1.1	2.1	
01/01/2008	1.0	1.0	1.4	1.4	1.4	0.8	3.7	-1.5	-1.3	3.0	-4.1	0.5	-0.8	1.1	1.6	1.8	1.5	-7.6	3.5	1.4	1.0	2.2	-0.8	0.7	0.4	-0.1	-0.6	-2.9	-4.3	-8.4	-3.2	-0.2	-0.2	1.0	5.4	0.6	0.8	4.1	-1.9	1.1	
01/02/2008	0.9	0.9	1.3	1.3	1.3	0.8	4.4	-1.5	-1.6	2.8	-4.3	0.5	-1.1	0.9	1.7	1.2	1.5	-7.0	3.5	2.3	1.0	2.4	-0.7	0.6	0.4	-0.2	-0.9	-2.0	-4.3	-8.4	-3.7	-0.2	-0.4	0.9	4.7	0.7	0.8	5.0	-2.9	-0.2	
01/03/2008	0.7	0.7	1.2	1.1	1.1	0.7	5.0	-1.5	-1.8	2.6	-4.5	0.5	-1.4	0.6	1.8	0.6	1.4	-6.3	3.3	2.8	1.0	2.5	-0.6	0.5	0.5	-0.4	-1.2	-1.1	-4.4	-8.0	-4.2	-0.2	-0.5	0.8	4.3	0.8	0.8	5.9	-3.4	-1.5	
01/04/2008	0.6	0.6	1.0	1.0	1.0	0.6	5.7	-1.5	-2.1	2.4	-4.5	0.5	-1.6	0.4	1.7	0.1	1.3	-5.6	3.0	3.1	0.9	2.6	-0.5	0.3	0.5	-0.6	-1.6	-0.2	-4.4	-7.6	-4.7	-0.4	-0.6	0.6	5.3	0.8	0.8	6.3	-3.9	-2.6	
01/05/2008	0.5	0.5	0.9	0.9	0.9	0.6	5.7	-1.4	-2.3	2.2	-4.7	0.5	-1.7	0.2	1.5	-0.8	1.3	-4.7	2.8	3.4	0.9	2.6	-0.5	0.2	0.5	-0.8	-1.9	1.0	-4.5	-7.4	-5.2	-0.4	-0.7	0.5	6.7	0.9	0.9	6.8	-4.4	-3.3	
01/06/2008	0.4	0.4	0.8	0.8	0.7	0.6	5.7	-1.6	-2.3	2.0	-4.9	0.4	-1.9	0.0	1.6	-1.4	1.2	-3.9	2.4	3.6	0.9	2.7	-0.5	0.0	0.5	-0.9	-2.3	2.4	-4.6	-7.3	-5.8	-0.4	-0.9	0.4	8.0	1.0	0.9	7.2	-4.3	-3.3	
01/07/2008	0.2	0.2	0.6	0.6	0.6	0.6	5.7	-1.9	-2.2	1.8	-5.2	0.3	-2.1	-0.2	1.4	-1.8	1.2	-3.2	1.9	3.8	0.9	2.5	-0.4	-0.2	0.6	-1.1	-2.6	4.2	-4.6	-7.1	-6.3	-0.6	-1.0	0.3	9.8	1.0	0.9	7.5	-3.4	-3.4	
01/08/2008	0.1	0.1	0.5	0.5	0.5	0.6	5.8	-2.2	-2.1	1.6	-5.4	0.1	-2.2	-0.4	1.3	-2.3	1.2	-2.5	1.4	3.8	0.9	2.3	-0.3	-0.4	0.7	-1.4	-2.8	5.5	-4.5	-7.1	-6.8	-0.7	-1.2	0.2	11.7	1.1	0.9	7.8	-2.3	-3.4	
01/09/2008	0.0	0.0	0.5	0.4	0.4	0.7	5.7	-2.5	-1.9	1.4	-5.7	0.0	-2.2	-0.5	1.5	-2.5	1.3	-1.9	0.9	3.7	0.9	2.1	-0.2	-0.6	0.7	-1.8	-2.9	6.5	-4.3	-7.0	-7.3	-0.9	-1.3	0.1	13.4	1.1	1.0	7.8	-0.9	-3.7	
01/10/2008	-0.1	-0.1	0.4	0.4	0.4	0.7	6.3	-3.2	-1.6	1.2	-5.9	-0.2	-2.3	-0.6	1.5	-2.6	1.3	-1.2	0.4	3.4	1.0	2.0	-0.1	-0.8	0.9	-2.4	-3.0	7.8	-4.1	-7.0	-7.8	-1.0	-1.6	0.0	15.0	1.2	0.9	8.1	0.1	-3.6	
01/11/2008	-0.2	-0.2	0.3	0.3	0.3	0.6	5.6	-4.2	-1.4	1.0	-6.2	-0.4	-2.3	-0.7	1.4	-2.9	1.3	-1.3	-0.1	2.9	1.0	1.9	0.0	-1.0	1.0	-3.1	-3.1	8.5	-4.0	-6.9	-8.0	-1.2	-1.9	-0.2	16.6	1.3	0.9	8.1	1.0	-3.4	
01/12/2008	-0.4	-0.4	0.2	0.2	0.2	0.6	4.9	-5.1	-1.2	0.8	-6.5	-0.6	-2.3	-0.8	1.2	-2.9	1.4	-1.4	-0.7	2.4	1.0	1.8	0.0	-1.1	1.1	-3.7	-3.2	9.0	-3.8	-6.9	-8.2	-1.5	-2.3	-0.3	18.2	1.3	0.9	8.6	1.6	-3.3	
01/01/2009	-0.5	-0.5	0.2	0.1	0.1	0.6	4.2	-6.0	-1.0	0.7	-6.8	-0.8	-2.3	-0.7	1.1	-3.0	1.5	-1.2	-1.4	1.8	1.0	1.8	-0.7	-1.3	1.1	-4.2	-3.0	9.3	-3.6	-6.9	-7.9	-1.9	-2.8	-0.5	19.9	1.3	0.9	8.2	2.7	-3.1	
01/02/2009	-0.6	-0.7	0.1	0.1	0.1	0.6	3.6	-6.8	-0.9	0.6	-7.2	-1.4	-2.0	-0.8	0.9	-2.9	1.6	-1.1	-2.2	1.3	1.1	1.8	-1.5	-1.3	1.0	-4.6	-2.7	9.8	-3.5	-7.0	-7.7	-2.1	-3.2	-0.6	21.4	1.3	0.9	6.8	3.9	-2.7	
01/03/2009	-0.7	-0.7	0.1	0.1	0.1	0.6	2.5	-7.6	-0.7	0.5	-7.8	-2.0	-1.8	-0.9	0.9	-2.9	1.6	-1.1	-2.8	0.9	1.1	1.6	-2.4	-1.3	1.0	-4.8	-2.3	9.9	-3.5	-7.8	-7.4	-2.2	-3.6	-0.6	22.2	1.3	0.9	5.5	4.6	-2.6	
01/04/2009	-0.8	-0.8	0.1	0.1	0.1	0.6	1.2	-8.5	-0.6	0.5	-8.5	-2.4	-2.2	-1.0	0.9	-2.9	1.7	-1.0	-3.5	-0.1	1.1	1.6	-3.3	-1.3	0.9	-4.8	-2.0	9.9	-3.4	-8.4	-7.1	-2.1	-3.8	-0.7	21.0	1.4	0.8	4.4	5.3	-3.2	
01/05/2009	-0.8	-0.8	0.1	0.1	0.1	0.6	0.3	-9.3	-0.5	0.4	-9.0	-2.9	-2.9	-1.0	1.1	-2.8	1.8	-1.4	-4.3	-1.3	1.2	1.7	-4.2	-1.3	1.0	-4.7	-1.8	9.7	-3.5	-9.0	-6.9	-2.1	-3.8	-0.7	20.5	1.4	0.8	3.3	6.0	-4.0	
01/06/2009	-0.8	-0.8	0.1	0.0	0.0	0.6	-0.7	-9.8	-0.4	0.3	-9.4	-3.4	-3.5	-1.2	1.2	-2.6	1.8	-1.7	-4.8	-2.4	1.3	1.9	-5.0	-1.2	1.0	-4.6	-1.5	9.5	-3.7	-9.5	-6.5	-1.9	-3.7	-0.7	20.0	1.5	0.7	2.2	6.2	-4.6	
01/07/2009	-0.8	-0.8	0.0	0.0	0.0	0.6	-1.7	-10.2	-0.5	0.2	-9.8	-3.6	-4.1	-1.3	1.3	-2.7	1.8	-1.9	-5.4	-3.6	1.3	2.4	-5.9	-1.1	0.9	-4.2	-1.2	9.4	-4.0	-10.0	-6.2	-1.5	-3.5	-0.7	18.8	1.6	0.6	1.2	5.9	-4.5	
01/08/2009	-0.7	-0.8	-0.1	-0.1	-0.1	0.6	-2.6	-10.6	-0.6	0.2	-10.2	-3.8	-4.8	-1.6	1.2	-2.7	1.7	-2.2	-5.9	-4.8	1.4	3.1	-6.6	-1.0	0.9	-3.7	-1.0	9.5	-4.1	-10.5	-5.8	-1.0	-3.1	-0.7	16.9	1.7	0.6	0.3	5.6	-4.3	
01/09/2009	-0.7	-0.7	-0.3	-0.3	-0.3	0.6	-3.5	-11.0	-0.7	0.1	-10.3	-4.0	-5.4	-2.0	0.9	-2.6	1.6	-2.5	-6.5	-5.9	1.4	3.8	-7.4	-0.9	0.8	-3.0	-0.8	9.5	-4.4	-10.9	-5.3	-0.4	-2.4	-0.6	15.8	1.7	0.5	-0.3	5.0	-3.9	
01/10/2009	-0.7	-0.7	-0.4	-0.5	-0.5	0.6	-4.7	-10.5	-0.8	0.0	-10.6	-4.2	-6.1	-2.3	0.7	-2.7	1.5	-2.8	-7.0	-7.0	1.4	4.3	-8.4	-0.9	0.6	-2.0	-0.9	9.0	-4.8	-11.1	-4.9	0.3	-1.6	-0.6	14.8	1.8	0.4	-1.6	4.7	-3.3	
01/11/2009	-0.5	-0.6	-0.6	-0.6	-0.6	0.6	-5.3	-9.8	-0.8	-0.1	-10.7	-4.5	-6.4	-2.7	0.4	-2.7	1.4	-3.1	-7.5	-7.9	1.4	4.8	-9.2	-0.8	0.4	-1.0	-0.9	8.6	-5.0	-11.5	-4.5	1.0	-0.6	-0.5	13.9	1.8	0.3	-2.9	4.7	-2.4	
01/12/2009	-0.4	-0.4	-0.7	-0.7	-0.7	0.5	-5.9	-9.2	-0.9	-0.1	-10.6	-4.9	-6.6	-3.0	0.4	-3.0	1.3	-3.4	-7.7	-8.8	1.4	5.2	-10.1	-0.8	0.2	0.1	-0.9	8.0	-5.7	-11.8	-4.0	1.7	0.6	-0.3	13.4	1.9	0.2	-4.5	4.5	-1.7	
01/01/2010	-0.2	-0.2	-0.8	-0.8	-0.8	0.5	-6.5	-9.0	-0.9	-0.1	-10.4	-5.4	-6.9	-3.3	0.4	-3.3	1.2	-3.9	-8.0	-9.6	1.3	5.5	-10.1	-0.6	0.1	0.8	-1.4	6.7	-6.4	-12.0	-3.7	2.4	2.0	-0.1	12.8	1.9	0.1	-5.4	3.2	-1.2	
01/02/2010	0.0	0.0	-0.8	-0.9	-0.9	0.5	-7.4	-8.9	-0.9	-0.1	-10.0	-5.2	-7.3	-3.3	0.4	-3.7	1.0	-4.2	-8.2	-10.4	1.3	5.6	-9.8	-0.5	-0.1	1.5	-1.8	5.1	-7.0	-12.1	-3.3	3.1	3.5	0.1	12.3	1.8	0.0	-5.2	2.6	-1.0	
01/03/2010	0.2	0.2	-0.9	-0.9	-0.9	0.4	-7.5	-8.9	-0.8	-0.2	-9.3	-5.0	-7.6	-3.3	0.4	-4.0	0.9	-4.7	-8.2	-11.3	1.3	6.1	-9.5	-0.4	-0.2	1.9	-2.3	3.6	-7.7	-11.8	-2.8	3.6	4.7	0.3	12.0	1.7	-0.1	-5.0	2.1	0.2	
01/04/2010	0.4	0.3	-0.9	-1.0	-0.9	0.3	-7.3	-8.8	-0.8	-0.2	-8.4	-5.0	-6.8	-3.3	0.3	-4.2	0.8	-5.1	-8.1	-11.0	1.3	6.1	-9.0	-0.4	-0.4	1.9	-2.7	2.5	-8.4	-11.6	-2.4	4.1	5.7	0.4	12.5	1.6	-0.2	-4.6	1.8	2.5	
01/05/2010	0.5	0.4	-0.9	-1.0	-1.0	0.3	-7.2	-8.7	-0.7	-0.2	-7.4	-5.0	-5.4	-3.4	0.0	-4.3	0.7	-5.1	-7.8	-10.4	1.2	5.9	-8.7	-0.5	-0.7	1.7	-2.8	1.6	-9.0	-11.5	-1.9	4.4	6.5	0.5	12.0	1.5	-0.3	-4.0	1.5	4.6	
01/06/2010	0.5	0.5	-1.0	-1.0	-1.0	0.3	-6.6	-8.9	-0.7	-0.2	-6.8	-5.0	-3.8	-3.4	-0.3	-4.4	0.7	-5.1	-7.6	-9.7	1.2	5.6	-8.3	-0.5	-0.9	1.4	-2.9	0.7	-9.6	-11.5	-1.3	4.7	7.0	0.6	11.8	1.4	-0.3	-3.4	1.7	6.2	
01/07/2010	0.6	0.6	-0.9	-0.9	-0.9	0.3	-6.1	-9.1	-0.7	-0.2	-6.0	-5.1	-2.2	-3.1	-0.5	-4.3	0.7	-5.1	-7.3	-9.2	1.1	4.8	-7.9	-0.4	-1.0	0.9	-3.0	0.0	-10.0	-11.5	-0.7	4.6	7.3	0.6	11.6	1.3	-0.4	-3.2	2.3	7.0	
01/08/2010	0.6	0.6	-0.8	-0.9	-0.8	0.3	-5.7	-9.3	-0.6	-0.2	-5.3	-5.3	-0.6	-2.7	-0.5	-4.3	0.7	-5.0	-7.0	-8.3	1.1	3.8	-7.6	-0.5	-1.2	0.4	-2.8	-0.8	-10.6	-11.6	-0.2	4.4	7.1	0.6	12.2	1.1	-0.4	-2.9	2.7	7.7	
01/09/2010	0.6	0.6	-0.6	-0.6	-0.6	0.3	-5.4	-9.5	-0.6	-0.2	-4.6	-5.5	1.1	-2.2	-0.3	-4.3	0.7	-4.9	-6.6	-7.6	1.0	2.6	-7.0	-0.5	-1.4	-0.3	-2.7	-1.3	-11.1	-11.8	0.4	4.1	6.6	0.7	12.3	1.0	-0.5	-3.1	3.1	8.3	
01/10/2010	0.6	0.6	-0.4	-0.5	-0.5	0.3	-5.4	-10.3	-0.6	-0.2	-3.9	-5.7	2.8	-1.7	-0.2	-4.1	0.8	-4.8	-6.0	-7.0	1.0	1.7	-6.2	-0.5	-1.4	-0.9	-2.2	-1.5	-11.5	-12.3	0.9	3.8	6.0	0.6	12.1	0.9	-0.5	-2.4	3.7	8.0	
01/11/2010	0.5	0.5	-0.3	-0.3	-0.3	0.4	-5.6	-11.1	-0.6	-0.1	-3.2	-5.9	3.6	-1.2	-0.1	-3.8	0.8	-4.6	-5.6	-6.5	1.0	1.0	-5.6	-0.6	-1.5	-1.5	-1.8	-1.6	-11.8	-12.5	1.3	3.4	5.3	0.6	11.9	0.7	-0.5	-1.7	4.0	7.3	
01/12/2010	0.5	0.5	-0.1	-0.2	-0.2	0.4	-5.9	-11.6	-0.6	-0.1	-2.6	-5.8	4.4	-0.7	0.0	-3.4	1.0	-4.3	-5.2	-5.9	1.0	0.3	-4.5	-0.6	-1.6	-2.0	-1.3	-1.5	-11.7	-12.8	1.6	3.0	4.4	0.5	10.9	0.6	-0.5	-0.7	4.2	6.7	
01/01/2011	0.4	0.4	0.0	0.0	0.0	0.4	-6.0	-11.5	-0.6	-0.1	-2.0	-5.6	4.9	-0.3	0.0	-3.0	1.1	-4.0	-4.7	-5.3	1.0	-0.3	-3.6	-0.8	-1.6	-2.4	-0.3	-0.7	-11.5	-13.0	1.8	2.5	3.6	0.4	9.9	0.6	-0.4	-0.3	5.0	6.1	
01/02/2011	0.4	0.3	0.2	0.1	0.1	0.5	-5.4	-11.0	-0.7	0.0	-1.5	-5.7	5.3	0.0	0.1	-2.6	1.3	-3.7	-4.2	-4.7	0.9	-0.9	-2.9	-0.9	-1.5	-2.7	0.5	0.3	-11.3	-13.4	1.9	2.2	2.7	0.4	8.9	0.6	-0.3	-0.4	5.1	6.2	
01/03/2011	0.3	0.3	0.3	0.2	0.3	0.6	-5.3	-10.5	-0.8	0.0	-1.3	-5.8	5.7	0.3	0.1	-2.3	1.4	-3.2	-3.7	-3.9	0.9	-1.6	-2.1	-1.0	-1.5	-3.0	1.2	1.1	-11.0	-13.6	2.0	1.8	2.1	0.3	8.0	0.6	-0.3	-0.4	5.3	5.6	
01/04/2011	0.3	0.3	0.4	0.4	0.4	0.7	-5.4	-10.0	-0.9	0.0	-1.1	-5.8	5.3	0.7	0.3	-2.0	1.6	-2.7	-3.3	-3.7	1.0	-2.0	-1.5	-1.0	-1.5	-3.1	2.0	1.7	-10.6	-13.6	2.1	1.4	1.6	0.3	7.2	0.6	-0.2	-0.6	5.2	4.8	
01/05/2011	0.3	0.3	0.5	0.5	0.5	0.7	-5.3	-9.5	-0.9	0.1	-0.9	-5.8	4.5	1.1	0.5	-1.8	1.8	-2.3	-3.2	-3.7	1.0	-2.3	-0.8	-0.9	-1.3	-3.0	2.5	2.0	-10.0	-13.4	2.1	1.1	1.2	0.3	6.9	0.6	-0.2	-1.0	5.0	4.0	
01/06/2011	0.3	0.3	0.7	0.7	0.7	0.7	-6.0	-8.9	-0.9	0.1	-0.7	-5.7	3.4	1.5	0.9	-1.7	1.9	-1.9	-2.9	-3.8	1.0	-2.5	0.0	-0.9	-1.3	-2.9	3.0	2.3	-9.5	-13.2	2.0	0.7	0.7	0.4	6.4	0.7	-0.2	-1.2	4.2	3.7	
01/07/2011	0.3	0.3	0.7	0.7	0.7	0.7	-6.6	-8.2	-0.9	0.2	-0.6	-5.6	2.1	1.6	0.9	-1.6	2.0	-1.7	-2.5	-3.7	1.0	-2.4	0.8	-0.9	-1.2	-2.7	3.2	2.3	-8.9	-12.8	1.9	0.4	0.4	0.3	6.1	0.8	-0.1	-1.1	3.5	3.6	
01/08/2011	0.3	0.3	0.8	0.8	0.8	0.8	-7.2	-7.5	-0.9	0.3	-0.5	-5.4	0.9	1.7	1.1	-1.5	2.1	-1.5	-2.2	-3.8	1.0	-2.3	1.5	-0.9	-1.0	-2.5	3.3	2.2	-8.1	-12.3	1.7	0.1	0.2	0.3	5.4	0.8	-0.1	-0.8	2.7	3.7	
01/09/2011	0.4	0.3	0.8	0.8	0.8	0.8	-7.4	-6.7	-1.0	0.3	-0.7	-5.3	-0.4	1.8	1.1	-1.3	2.2	-1.3	-1.8	-3.7	1.0	-1.9	1.8	-0.9	-0.9	-2.4	3.3	2.1	-7.3	-11.5	1.4	-0.2	0.3	0.4	5.0	0.9	-0.2	-0.4	1.8	4.3	
01/10/2011	0.4	0.4	0.9	0.8	0.9	0.9	-7.1	-5.7	-1.1	0.4	-0.9	-5.1	-1.7	1.9	1.3	-1.3	2.3	-1.1	-1.6	-3.6	1.0	-1.7	2.1	-0.9	-0.8	-2.3	3.2	2.0	-6.5	-10.5	1.2	-0.6	0.4	0.4	4.7	1.0	-0.7	-0.2	0.7	5.4	
01/11/2011	0.5	0.5	0.9	0.9	0.9	0.8	-6.5	-4.8	-1.1	0.5	-1.3	-4.8	-2.6	2.0	1.4	-1.4	2.4	-1.0	-1.4	-3.3	1.0	-1.6	2.3	-0.9	-0.7	-2.3	3.1	1.8	-5.9	-9.8	0.8	-0.9	0.5	0.5	4.4	1.0	-1.5	-0.1	-0.3	6.6	
01/12/2011	0.5	0.5	0.9	0.9	0.9	0.8	-5.9	-4.0	-1.2	0.5	-1.7	-4.5	-3.5	2.0	1.5	-1.4	2.5	-0.9	-1.3	-2.9	1.0	-1.5	2.2	-0.7	-0.6	-2.4	2.9	1.6	-5.2	-9.0	0.6	-1.2	0.6	0.5	4.3	1.1	-2.4	0.0	-1.0	7.9	
01/01/2012	0.5	0.5	0.9	0.9	0.9	0.7	-5.3	-3.6	-1.2	0.5	-2.1	-4.3	-3.8	2.0	1.6	-1.3	2.5	-0.9	-1.2	-2.7	1.1	-1.5	1.8	-0.6	-0.5	-2.5	2.3	1.3	-4.7	-8.2	0.4	-1.4	0.6	0.6	4.4	1.1	-3.4	0.1	-1.5	9.3	
01/02/2012	0.5	0.5	0.9	0.9	0.9	0.6	-5.3	-3.4	-1.2	0.6	-2.5	-4.0	-3.9	2.1	1.5	-1.1	2.5	-0.9	-1.3	-2.4	1.1	-1.5	1.6	-0.5	-0.6	-2.5	2.0	1.0	-4.3	-7.4	0.2	-1.6	0.4	0.5	4.6	1.1	-4.4	0.2	-1.5	9.9	
01/03/2012	0.5	0.5	1.0	0.9	0.9	0.6	-5.1	-3.3	-1.2	0.6	-2.9	-3.7	-4.0	2.2	1.6	-0.8	2.4	-1.0	-1.5	-2.3	1.1	-1.6	1.4	-0.5	-0.5	-2.4	1.5	1.0	-3.9	-6.7	-0.1	-1.8	0.2	0.5	4.6	1.0	-5.2	0.3	-0.9	10.4	
01/04/2012	0.4	0.4	0.9	0.9	0.9	0.5	-4.9	-3.0	-1.3	0.6	-3.6	-3.5	-4.1	2.1	1.6	-0.5	2.4	-1.1	-1.9	-2.2	1.0	-1.7	1.3	-0.5	-0.5	-2.3	1.0	1.2	-3.7	-6.1	-0.2	-2.1	-0.1	0.4	4.5	1.0	-6.0	0.7	0.0	10.7	
01/05/2012	0.4	0.4	0.9	0.9	0.9	0.4	-4.8	-2.7	-1.4	0.6	-4.3	-3.2	-4.1	2.0	1.7	-0.1	2.3	-1.0	-2.3	-2.1	1.0	-1.8	0.9	-0.5	-0.5	-2.3	0.5	1.5	-3.5	-5.6	-0.3	-2.2	-0.4	0.4	4.2	0.9	-6.9	1.0	1.2	11.0	
01/06/2012	0.3	0.3	0.9	0.9	0.9	0.2	-4.4	-2.7	-1.4	0.6	-4.7	-3.0	-4.0	1.9	1.7	0.3	2.3	-1.0	-2.6	-1.9	1.0	-1.9	0.6	-0.5	-0.4	-2.4	0.0	1.8	-3.4	-5.1	-0.4	-2.4	-0.5	0.3	3.9	0.8	-7.9	1.2	2.8	11.1	
01/07/2012	0.4	0.4	0.9	0.9	0.9	0.1	-4.1	-2.6	-1.4	0.5	-5.1	-2.8	-3.8	1.9	1.8	0.7	2.2	-1.0	-2.9	-1.8	1.0	-2.1	0.4	-0.2	-0.4	-2.4	-0.2	2.3	-3.3	-4.7	-0.4	-2.4	-0.5	0.4	3.5	0.7	-8.9	1.3	3.9	11.2	
01/08/2012	0.4	0.4	0.9	0.9	0.9	0.0	-3.8	-2.6	-1.2	0.4	-5.6	-2.5	-3.6	1.8	1.9	1.1	2.2	-0.9	-3.4	-1.8	1.0	-2.2	0.2	0.1	-0.4	-2.4	-0.5	2.8	-3.3	-4.2	-0.5	-2.4	-0.5	0.4	3.1	0.5	-10.0	1.1	5.4	10.8	
01/09/2012	0.4	0.4	0.9	0.9	0.9	-0.2	-3.7	-2.7	-1.2	0.4	-5.9	-2.2	-3.5	1.8	2.0	1.2	2.2	-0.9	-3.9	-1.7	1.0	-2.5	0.3	0.3	-0.4	-2.4	-0.8	3.1	-3.5	-4.0	-0.4	-2.1	-0.6	0.4	2.5	0.4	-10.8	1.2	7.0	9.8	
01/10/2012	0.3	0.3	0.8	0.8	0.8	-0.3	-3.8	-2.9	-1.2	0.3	-6.1	-2.0	-3.1	1.8	1.9	1.4	1.9	-0.8	-4.4	-1.8	1.0	-2.8	0.3	0.6	-0.3	-2.2	-1.1	3.4	-3.6	-3.8	-0.3	-1.9	-0.6	0.3	2.1	0.3	-11.1	1.3	8.6	8.6	
01/11/2012	0.3	0.3	0.8	0.8	0.8	-0.3	-4.0	-3.1	-1.1	0.2	-6.3	-1.8	-2.8	1.7	2.0	1.6	1.6	-0.7	-5.0	-1.9	1.0	-2.9	0.4	1.0	-0.3	-2.1	-1.3	3.7	-3.7	-3.5	-0.2	-1.8	-0.6	0.3	1.7	0.2	-10.6	1.4	9.9	7.4	
01/12/2012	0.3	0.3	0.8	0.7	0.7	-0.3	-4.3	-3.4	-1.1	0.1	-6.4	-1.8	-2.4	1.6	2.0	1.7	1.4	-0.6	-5.4	-2.1	0.9	-3.3	0.5	1.3	-0.3	-1.9	-1.4	4.0	-3.8	-3.2	0.0	-1.7	-0.6	0.3	1.6	0.1	-10.1	1.5	11.4	6.0	
01/01/2013	0.3	0.3	0.7	0.7	0.7	-0.3	-4.4	-3.6	-1.1	0.0	-6.5	-1.8	-2.3	1.4	2.0	1.6	1.2	-0.4	-5.7	-2.2	0.9	-3.3	0.4	1.8	-0.2	-1.9	-1.5	4.0	-4.0	-3.0	0.2	-1.5	-0.6	0.2	1.6	0.1	-9.5	1.7	12.3	4.6	
01/02/2013	0.3	0.3	0.7	0.7	0.7	-0.3	-4.6	-3.7	-1.1	0.0	-6.6	-1.9	-2.6	1.3	2.2	1.4	1.1	-0.2	-6.0	-2.3	0.9	-3.4	0.0	2.5	0.0	-1.8	-1.7	4.0	-4.1	-2.8	0.4	-1.3	-0.6	0.3	1.7	0.0	-8.9	2.4	12.2	3.7	
01/03/2013	0.2	0.3	0.7	0.7	0.7	-0.2	-4.7	-3.8	-1.1	-0.1	-6.7	-2.0	-2.9	1.0	2.2	1.1	0.9	-0.2	-5.9	-2.4	0.8	-3.3	-0.5	3.2	0.1	-1.8	-1.8	3.9	-4.1	-2.7	0.6	-1.1	-0.6	0.2	1.9	0.0	-8.6	2.9	11.6	3.1	
01/04/2013	0.3	0.3	0.7	0.7	0.7	-0.2	-4.9	-3.9	-1.1	-0.1	-6.6	-2.1	-3.2	1.0	2.3	0.7	0.8	-0.1	-5.8	-2.4	0.8	-3.3	-0.9	3.9	0.2	-1.8	-1.7	3.6	-4.1	-2.6	0.7	-0.8	-0.5	0.3	1.8	0.0	-8.3	3.4	10.8	2.5	
01/05/2013	0.3	0.3	0.7	0.6	0.7	-0.1	-5.0	-3.9	-1.1	-0.1	-6.4	-2.2	-3.4	0.9	2.1	0.2	0.7	-0.1	-5.7	-2.4	0.9	-3.1	-1.3	4.6	0.2	-1.7	-1.6	3.1	-4.2	-2.5	0.7	-0.6	-0.4	0.2	1.8	0.0	-7.8	3.8	9.7	2.0	
01/06/2013	0.2	0.2	0.6	0.6	0.6	-0.1	-5.1	-3.8	-1.1	-0.2	-6.4	-2.2	-3.6	0.8	2.0	-0.3	0.6	-0.1	-5.8	-2.4	0.9	-3.0	-1.7	5.3	0.3	-1.7	-1.5	2.9	-4.3	-2.4	0.7	-0.4	-0.4	0.2	1.8	0.0	-7.1	4.3	8.2	1.5	
01/07/2013	0.2	0.2	0.5	0.5	0.5	0.0	-5.1	-3.7	-1.2	-0.2	-6.3	-2.3	-3.8	0.7	1.8	-1.0	0.5	-0.1	-5.8	-2.4	0.9	-2.9	-2.3	5.2	0.2	-1.6	-1.4	2.4	-4.2	-2.5	0.7	-0.3	-0.5	0.2	1.8	0.0	-6.4	4.8	7.3	1.3	
01/08/2013	0.1	0.1	0.5	0.5	0.5	0.1	-5.1	-3.6	-1.4	-0.2	-6.2	-2.4	-4.0	0.8	1.7	-1.7	0.4	0.0	-5.6	-2.4	0.9	-2.8	-2.7	5.2	0.2	-1.5	-1.4	2.0	-4.2	-2.6	0.7	-0.2	-0.5	0.1	2.1	0.0	-5.6	5.5	5.9	1.3	
01/09/2013	0.1	0.1	0.4	0.4	0.4	0.1	-5.1	-3.4	-1.3	-0.1	-6.0	-2.6	-4.1	0.5	1.5	-2.3	0.4	0.0	-5.5	-2.3	0.9	-2.7	-3.2	5.5	0.1	-1.5	-1.2	1.7	-4.0	-2.6	0.7	-0.2	-0.5	0.1	2.6	0.0	-4.9	5.6	4.6	1.9	
01/10/2013	0.1	0.0	0.4	0.4	0.4	0.2	-5.1	-3.1	-1.2	-0.1	-6.0	-2.7	-4.4	0.3	1.5	-2.9	0.5	0.0	-5.0	-2.2	0.9	-2.5	-3.6	5.5	0.0	-1.5	-1.2	1.3	-3.7	-2.8	0.7	-0.2	-0.7	0.1	2.9	0.0	-4.3	5.7	3.8	2.7	
01/11/2013	0.0	0.0	0.4	0.4	0.4	0.2	-5.3	-2.8	-1.1	-0.1	-5.9	-2.9	-4.6	0.3	1.5	-3.5	0.7	0.0	-4.6	-2.0	0.9	-2.4	-3.9	5.6	-0.1	-1.6	-1.2	1.0	-3.5	-2.9	0.7	-0.2	-0.9	0.0	3.0	0.0	-4.2	5.9	3.1	3.6	
01/12/2013	0.0	0.0	0.5	0.5	0.5	0.3	-5.3	-2.5	-1.1	-0.1	-5.9	-2.9	-4.9	0.4	1.5	-4.0	0.9	-0.1	-4.1	-1.9	0.9	-2.2	-4.2	5.6	-0.2	-1.6	-1.1	0.8	-3.4	-2.8	0.5	-0.1	-1.0	0.0	3.1	0.0	-4.0	6.0	2.1	4.5	
01/01/2014	0.1	0.1	0.5	0.5	0.5	0.3	-5.4	-2.1	-1.1	0.0	-5.7	-2.9	-5.0	0.4	1.5	-4.4	1.1	-0.3	-3.6	-1.7	1.0	-1.9	-4.1	5.3	-0.3	-1.5	-1.0	0.9	-3.1	-2.8	0.4	-0.1	-1.1	0.1	2.7	0.1	-3.9	6.2	1.8	6.0	
01/02/2014	0.1	0.1	0.5	0.5	0.5	0.3	-5.5	-1.8	-1.1	0.0	-5.7	-2.9	-5.0	0.5	1.4	-4.8	1.4	-0.6	-3.2	-1.6	1.0	-1.6	-3.7	4.9	-0.3	-1.5	-0.8	0.9	-2.8	-2.7	0.2	-0.2	-1.0	0.1	1.9	0.2	-3.7	5.5	1.9	7.7	
01/03/2014	0.1	0.1	0.6	0.6	0.6	0.4	-5.6	-1.5	-1.1	0.0	-5.7	-2.8	-4.8	0.6	1.3	-5.1	1.6	-0.7	-2.8	-1.4	1.0	-1.3	-3.2	4.4	-0.3	-1.4	-0.6	0.9	-2.4	-2.8	0.0	-0.3	-0.9	0.1	1.2	0.3	-3.3	5.1	2.1	9.7	
01/04/2014	0.2	0.2	0.6	0.6	0.6	0.4	-5.7	-1.3	-1.1	0.0	-5.7	-2.8	-4.6	0.7	1.3	-5.4	1.9	-0.9	-2.3	-1.3	1.0	-1.0	-2.8	4.0	-0.3	-1.4	-0.5	1.0	-2.1	-2.9	-0.1	-0.4	-0.8	0.2	1.0	0.4	-2.9	4.5	2.2	11.7	
01/05/2014	0.2	0.2	0.6	0.6	0.6	0.5	-5.8	-1.1	-1.0	0.0	-5.6	-2.9	-4.4	0.7	1.4	-5.7	2.1	-1.1	-1.8	-1.3	0.9	-0.9	-2.3	3.5	-0.3	-1.3	-0.5	1.1	-1.7	-3.0	-0.2	-0.4	-0.6	0.2	0.9	0.5	-2.6	4.0	2.5	13.6	
01/06/2014	0.3	0.3	0.7	0.7	0.7	0.6	-5.9	-1.0	-1.0	0.1	-5.7	-2.9	-4.3	0.7	1.5	-5.9	2.4	-1.4	-1.1	-1.3	0.9	-0.7	-1.7	3.0	-0.3	-1.3	-0.5	0.9	-1.3	-3.1	-0.3	-0.5	-0.6	0.3	0.8	0.7	-2.4	3.5	2.6	15.4	
01/07/2014	0.4	0.4	0.8	0.8	0.8	0.7	-6.0	-0.9	-1.0	0.1	-5.7	-3.0	-4.1	0.7	1.6	-5.7	2.6	-1.7	-0.4	-1.4	0.9	-0.4	-1.1	2.9	-0.2	-1.4	-0.4	0.9	-1.0	-3.2	-0.5	-0.6	-0.4	0.4	0.6	0.8	-2.1	2.9	2.8	16.6	
01/08/2014	0.4	0.4	0.8	0.8	0.8	0.8	-6.3	-0.7	-0.9	0.2	-5.7	-3.0	-3.7	0.7	1.5	-5.5	2.9	-2.0	-0.1	-1.4	0.8	0.0	-0.5	2.8	-0.1	-1.4	-0.4	0.9	-0.8	-3.2	-0.6	-0.6	-0.2	0.4	0.3	0.9	-1.9	2.3	3.2	17.7	
01/09/2014	0.5	0.5	0.9	0.9	0.9	0.9	-6.6	-0.5	-0.9	0.2	-5.8	-3.0	-3.4	0.9	1.8	-5.3	3.1	-2.3	0.1	-1.4	0.8	0.2	0.0	2.5	0.0	-1.4	-0.4	0.8	-0.7	-3.4	-0.8	-0.6	-0.1	0.5	-0.1	1.1	-1.6	2.0	3.6	18.4	
01/10/2014	0.6	0.6	1.0	1.0	1.0	1.0	-7.0	-0.4	-1.0	0.3	-5.8	-3.0	-3.1	1.0	1.8	-4.9	3.2	-2.6	0.3	-1.5	0.8	0.5	0.5	2.4	0.2	-1.5	-0.2	0.8	-0.7	-3.6	-0.9	-0.6	0.0	0.6	-0.4	1.2	-1.5	1.6	3.8	18.7	
01/11/2014	0.6	0.6	1.0	1.0	1.0	1.2	-7.3	-0.3	-1.1	0.3	-5.8	-3.0	-2.6	1.1	1.6	-4.6	3.2	-2.9	0.5	-1.7	0.8	0.9	0.9	2.2	0.4	-1.5	-0.1	0.8	-0.8	-3.8	-1.0	-0.6	0.1	0.6	-0.7	1.4	-1.3	0.7	4.1	19.0	
01/12/2014	0.6	0.6	1.0	1.0	1.0	1.3	-7.7	-0.2	-1.1	0.3	-5.8	-2.9	-2.1	1.1	1.5	-4.1	3.3	-3.1	0.6	-1.8	0.7	1.2	1.3	2.0	0.6	-1.5	-0.1	0.7	-0.7	-4.1	-1.2	-0.7	0.2	0.6	-1.0	1.6	-1.2	-0.1	4.6	19.2	
01/01/2015	0.6	0.6	1.0	1.0	1.0	1.4	-8.0	-0.2	-0.9	0.3	-5.9	-2.9	-1.7	1.2	1.3	-3.7	3.1	-3.0	0.6	-1.9	0.8	1.4	1.5	2.0	0.5	-1.7	0.0	0.4	-0.8	-4.4	-1.2	-0.7	0.2	0.6	-1.1	1.6	-1.1	-1.1	4.8	18.6	
01/02/2015	0.6	0.6	1.0	0.9	1.0	1.4	-8.3	-0.1	-0.7	0.4	-5.8	-2.9	-1.2	1.3	1.1	-3.3	3.0	-3.0	0.6	-2.1	1.0	1.5	1.6	1.9	0.3	-1.8	0.0	0.2	-0.9	-4.7	-1.3	-0.6	0.2	0.6	-1.1	1.6	-0.9	-1.7	4.8	17.2	
01/03/2015	0.6	0.6	1.0	1.0	1.0	1.5	-8.8	-0.1	-0.5	0.5	-5.8	-2.9	-0.8	1.3	1.1	-2.9	2.8	-2.9	0.6	-2.2	1.1	1.5	1.6	1.9	0.1	-2.0	0.0	-0.1	-1.0	-4.9	-1.3	-0.5	0.1	0.6	-1.0	1.6	-1.0	-2.7	4.8	15.2	
01/04/2015	0.6	0.6	1.0	1.0	1.0	1.5	-9.1	-0.1	-0.4	0.7	-5.7	-2.8	-0.6	1.4	1.0	-2.5	2.7	-2.9	0.5	-2.3	1.2	1.6	1.5	1.9	0.0	-2.1	0.1	-0.3	-1.2	-5.1	-1.3	-0.4	0.0	0.6	-1.2	1.6	-1.4	-3.6	5.0	13.1	
01/05/2015	0.6	0.6	1.0	1.0	1.0	1.6	-9.5	0.0	-0.3	0.8	-5.8	-2.8	-0.2	1.5	0.9	-2.1	2.6	-2.8	0.5	-2.2	1.4	1.8	1.4	1.9	-0.1	-2.2	0.2	-0.4	-1.3	-5.2	-1.4	-0.3	-0.1	0.6	-1.5	1.7	-1.5	-4.5	5.0	11.4	
01/06/2015	0.6	0.6	1.0	1.0	1.0	1.5	-9.9	0.2	-0.1	0.8	-5.8	-2.8	-0.1	1.6	0.9	-1.7	2.5	-2.6	0.3	-2.0	1.6	1.9	1.2	2.0	-0.2	-2.2	0.4	-0.2	-1.5	-5.4	-1.3	-0.2	-0.2	0.6	-1.7	1.7	-1.6	-5.4	5.3	10.0	
01/07/2015	0.5	0.5	1.1	1.0	1.1	1.5	-10.3	0.3	0.0	0.8	-5.8	-2.7	-0.1	1.7	0.9	-1.6	2.4	-2.5	0.1	-1.9	1.8	2.0	0.8	2.1	-0.2	-2.1	0.5	-0.2	-1.6	-5.5	-1.3	-0.1	-0.4	0.6	-1.9	1.8	-2.0	-6.2	5.3	9.0	
01/08/2015	0.5	0.5	1.0	1.0	1.0	1.5	-10.7	0.4	0.1	0.9	-5.9	-2.7	-0.2	1.7	0.9	-1.4	2.3	-2.4	0.2	-1.8	2.0	2.2	0.5	2.1	-0.3	-2.1	0.6	-0.2	-1.8	-5.5	-1.2	0.0	-0.7	0.5	-2.1	1.8	-2.3	-7.1	5.2	8.1	
01/09/2015	0.4	0.4	1.0	1.0	1.0	1.4	-10.7	0.6	0.2	0.9	-5.7	-2.7	-0.3	1.8	0.6	-1.3	2.2	-2.2	0.4	-1.7	2.2	2.3	0.2	2.2	-0.3	-2.0	0.7	-0.2	-1.9	-5.6	-1.1	0.2	-0.9	0.5	-2.2	1.8	-2.6	-8.0	5.0	7.8	
01/10/2015	0.4	0.4	1.0	1.0	1.0	1.4	-10.8	0.8	0.3	0.9	-5.7	-2.7	-0.4	1.8	0.5	-1.3	2.0	-2.0	0.4	-1.6	2.4	2.5	-0.1	2.3	-0.4	-1.9	0.8	-0.2	-2.0	-5.6	-0.9	0.3	-1.0	0.4	-2.4	1.9	-3.0	-8.9	4.7	7.8	
01/11/2015	0.5	0.5	1.0	1.0	1.0	1.5	-10.8	1.1	0.4	0.9	-5.7	-2.6	-0.7	1.9	0.7	-1.2	2.0	-1.7	0.5	-1.6	2.6	2.6	-0.3	2.4	-0.5	-1.8	0.9	-0.1	-2.2	-5.6	-0.7	0.5	-1.1	0.5	-2.6	1.9	-3.5	-8.7	4.3	7.9	
01/12/2015	0.5	0.5	1.1	1.1	1.1	1.5	-10.8	1.2	0.4	1.0	-5.6	-2.7	-0.9	1.9	0.9	-1.3	2.0	-1.4	0.5	-1.6	2.8	2.8	-0.5	2.5	-0.7	-1.8	1.0	-0.1	-2.1	-5.5	-0.5	0.6	-1.0	0.6	-2.7	1.9	-3.9	-8.6	3.8	8.0	
01/01/2016	0.6	0.6	1.1	1.1	1.1	1.7	-10.9	1.4	0.2	1.1	-5.5	-2.7	-1.2	1.9	1.0	-1.2	2.0	-1.3	0.6	-1.5	2.7	3.0	-0.7	2.4	-0.6	-1.7	1.0	-0.2	-2.2	-5.5	-0.3	0.8	-1.1	0.6	-2.7	2.0	-4.4	-8.4	3.3	8.2	
01/02/2016	0.6	0.6	1.2	1.2	1.2	1.8	-10.8	1.7	0.1	1.1	-5.5	-2.7	-1.5	1.9	1.1	-1.3	2.0	-1.2	0.7	-1.5	2.7	3.2	-0.9	2.4	-0.6	-1.5	1.0	-0.2	-2.2	-5.4	-0.2	0.9	-1.1	0.6	-2.6	2.0	-4.8	-7.7	3.0	8.9	
01/03/2016	0.6	0.6	1.1	1.1	1.1	2.0	-10.7	1.9	-0.1	1.1	-5.5	-2.8	-1.9	2.0	1.0	-1.4	2.0	-1.1	0.8	-1.5	2.6	3.5	-1.1	2.3	-0.6	-1.2	1.1	-0.2	-2.4	-5.4	0.0	1.1	-1.2	0.6	-2.6	2.1	-5.1	-6.8	2.9	9.9	
01/04/2016	0.6	0.6	1.1	1.1	1.1	2.2	-10.6	2.1	-0.1	1.0	-5.3	-2.8	-2.2	2.0	1.0	-1.4	1.9	-0.9	1.0	-1.5	2.5	3.6	-0.8	2.3	-0.7	-1.1	1.1	-0.2	-2.5	-5.3	0.2	1.2	-1.3	0.6	-2.4	2.1	-4.9	-5.9	2.7	10.9	
01/05/2016	0.5	0.5	1.1	1.1	1.1	2.4	-10.5	2.3	-0.2	1.0	-5.2	-2.9	-2.6	2.0	0.9	-1.5	1.9	-0.8	1.0	-1.6	2.4	3.6	-0.6	2.3	-0.7	-0.9	1.1	-0.3	-2.6	-5.3	0.4	1.3	-1.4	0.6	-2.3	2.1	-4.9	-4.9	2.5	11.6	
01/06/2016	0.5	0.5	1.0	1.0	1.0	2.6	-10.3	2.4	-0.4	1.0	-5.1	-2.9	-2.7	1.9	0.7	-1.5	1.8	-0.7	1.1	-1.8	2.3	3.7	-0.3	2.1	-0.8	-0.7	1.1	-0.5	-2.6	-5.3	0.5	1.4	-1.5	0.5	-2.1	2.1	-5.2	-4.0	2.4	12.3	
01/07/2016	0.4	0.4	1.0	1.0	1.0	2.8	-10.0	2.4	-0.5	1.1	-5.1	-2.9	-2.7	1.9	0.5	-1.5	1.6	-0.5	1.1	-1.9	2.2	3.6	0.1	2.1	-0.9	-0.6	1.0	-0.5	-2.7	-5.3	0.7	1.4	-1.5	0.5	-2.0	2.1	-5.0	-3.0	2.4	12.7	
01/08/2016	0.4	0.4	1.0	1.0	1.0	3.0	-9.7	2.4	-0.6	1.1	-5.0	-2.9	-2.8	1.9	0.4	-1.6	1.5	-0.4	1.1	-2.1	2.0	3.4	0.5	2.1	-0.9	-0.5	1.0	-0.6	-2.7	-5.4	0.8	1.5	-1.5	0.5	-2.0	2.1	-4.8	-2.0	2.4	13.2	
01/09/2016	0.5	0.5	1.0	1.0	1.0	3.2	-9.4	2.3	-0.7	1.2	-5.0	-3.0	-2.8	2.0	0.5	-1.6	1.4	-0.2	1.1	-2.1	1.9	3.3	1.1	2.0	-1.0	-0.4	1.0	-0.6	-2.6	-5.4	0.8	1.4	-1.4	0.5	-2.2	2.1	-4.6	-1.0	2.5	13.0	
01/10/2016	0.4	0.4	0.9	0.9	0.9	3.5	-9.0	2.2	-0.7	1.2	-4.9	-3.1	-2.9	2.0	0.3	-1.7	1.3	-0.2	1.2	-2.1	1.7	3.0	1.5	2.0	-1.1	-0.3	1.0	-0.6	-2.6	-5.4	0.8	1.3	-1.4	0.5	-2.2	2.1	-4.5	0.1	2.6	12.5	
01/11/2016	0.4	0.4	0.9	0.9	0.9	3.5	-8.6	2.2	-0.8	1.3	-4.8	-3.2	-3.1	2.0	0.1	-1.7	1.1	-0.2	1.1	-2.1	1.5	2.6	1.8	1.8	-1.2	-0.2	1.0	-0.7	-2.6	-5.4	0.7	1.3	-1.4	0.4	-2.3	2.1	-4.2	0.5	2.7	12.2	
01/12/2016	0.3	0.3	0.8	0.8	0.8	3.5	-8.2	2.2	-0.8	1.3	-4.7	-3.4	-3.2	1.9	-0.2	-1.9	0.9	-0.3	1.1	-1.9	1.4	2.3	2.3	1.7	-1.1	-0.1	1.0	-0.8	-2.8	-5.4	0.6	1.2	-1.5	0.3	-2.4	2.1	-3.9	1.0	2.7	12.1	
01/01/2017	0.3	0.3	0.7	0.7	0.7	3.3	-7.9	2.3	-0.8	1.3	-4.7	-3.6	-3.1	1.9	-0.3	-2.0	0.8	-0.2	1.2	-1.8	1.3	1.8	2.5	1.7	-1.0	0.0	1.1	-0.7	-2.8	-5.4	0.5	1.1	-1.5	0.3	-2.9	2.1	-3.7	1.6	2.8	12.2	
01/02/2017	0.3	0.3	0.7	0.7	0.7	3.2	-7.6	2.2	-0.9	1.3	-4.6	-3.8	-3.1	1.9	-0.5	-1.9	0.6	-0.2	1.0	-1.6	1.2	1.4	2.7	1.8	-0.8	0.0	1.3	-0.6	-2.9	-4.6	0.4	1.0	-1.3	0.3	-3.3	2.0	-3.3	1.9	2.7	12.3	
01/03/2017	0.2	0.2	0.6	0.6	0.6	3.0	-7.4	2.1	-0.9	1.3	-4.5	-4.0	-3.2	1.9	-0.6	-1.8	0.5	-0.2	0.9	-1.5	1.2	0.9	3.0	1.8	-0.6	-0.1	1.4	-0.4	-2.8	-3.7	0.3	0.8	-1.1	0.3	-3.8	1.9	-3.1	2.1	2.5	12.8	
01/04/2017	0.3	0.3	0.6	0.6	0.6	2.8	-7.1	2.1	-0.9	1.4	-4.6	-4.1	-3.2	1.9	-0.6	-1.7	0.3	-0.3	0.8	-1.4	1.1	0.6	2.8	1.8	-0.4	-0.1	1.4	-0.3	-2.7	-2.9	0.1	0.7	-0.8	0.3	-4.6	1.9	-3.0	2.2	2.4	13.5	
01/05/2017	0.3	0.3	0.6	0.6	0.6	2.6	-6.9	2.1	-0.9	1.4	-4.6	-4.1	-3.3	1.9	-0.5	-1.5	0.1	-0.3	0.8	-1.4	1.0	0.3	2.7	1.9	-0.2	-0.2	1.5	-0.2	-2.6	-2.1	-0.1	0.5	-0.6	0.3	-5.3	2.0	-2.8	2.3	2.2	14.2	
01/06/2017	0.4	0.4	0.7	0.7	0.7	2.5	-6.8	2.2	-1.0	1.4	-4.5	-4.2	-3.1	1.9	-0.3	-1.3	0.1	-0.4	0.7	-1.4	1.0	0.0	2.7	1.9	0.0	-0.4	1.5	0.0	-2.6	-1.2	-0.3	0.3	-0.3	0.4	-6.2	2.0	-2.5	2.4	1.9	14.6	
01/07/2017	0.4	0.4	0.7	0.7	0.7	2.3	-6.8	2.3	-1.0	1.4	-4.5	-4.2	-3.0	1.9	-0.1	-1.3	0.0	-0.5	0.7	-1.4	1.0	-0.2	2.5	1.9	0.2	-0.6	1.6	0.1	-2.5	-0.5	-0.6	0.2	-0.1	0.4	-7.0	2.0	-2.6	2.1	1.4	15.1	
01/08/2017	0.5	0.5	0.7	0.7	0.7	2.1	-6.8	2.6	-1.0	1.4	-4.4	-4.3	-2.9	1.9	-0.1	-1.2	0.0	-0.6	0.7	-1.2	1.0	-0.3	2.3	1.9	0.4	-0.8	1.7	0.3	-2.5	0.3	-0.8	0.2	0.1	0.5	-7.5	2.1	-2.6	1.9	1.0	15.7	
01/09/2017	0.5	0.5	0.7	0.7	0.7	1.9	-6.9	2.8	-1.1	1.5	-4.4	-4.2	-2.7	1.8	0.0	-1.1	-0.1	-0.8	0.6	-1.1	1.0	-0.5	2.1	1.9	0.5	-1.0	1.7	0.5	-2.7	1.1	-1.0	0.1	0.3	0.5	-7.8	2.1	-2.7	1.7	0.5	16.7	
01/10/2017	0.5	0.5	0.7	0.7	0.8	1.7	-7.1	2.9	-1.2	1.5	-4.5	-4.2	-2.6	1.7	0.2	-0.9	-0.1	-0.7	0.5	-1.0	1.0	-0.5	1.9	1.9	0.5	-1.3	1.8	0.7	-2.7	1.9	-1.0	0.0	0.6	0.6	-8.1	2.1	-2.5	1.7	0.1	18.0	
01/11/2017	0.6	0.6	0.8	0.8	0.8	1.6	-7.2	2.9	-1.4	1.4	-4.6	-4.1	-2.3	1.6	0.5	-0.8	-0.1	-0.7	0.6	-1.0	1.1	-0.5	1.7	2.0	0.6	-1.5	1.9	0.9	-2.7	2.7	-1.2	-0.1	0.9	0.6	-8.3	2.2	-2.3	1.8	-0.4	19.2	
01/12/2017	0.7	0.7	0.8	0.8	0.9	1.5	-7.3	2.9	-1.5	1.5	-4.7	-3.8	-2.1	1.6	0.7	-0.5	-0.1	-0.7	0.7	-1.0	1.1	-0.5	1.3	2.1	0.6	-1.8	1.9	1.1	-2.6	3.4	-1.3	-0.2	1.2	0.7	-8.5	2.3	-2.2	1.9	-0.7	20.4	
01/01/2018	0.7	0.7	0.9	0.9	0.9	1.4	-7.5	2.8	-1.6	1.5	-4.8	-3.5	-2.0	1.5	0.8	-0.7	-0.1	-0.7	0.7	-1.0	1.2	-0.6	1.5	2.1	0.5	-1.9	1.8	1.4	-2.7	4.1	-1.4	-0.4	1.4	0.8	-8.1	2.5	-2.0	1.5	-1.1	21.5	
01/02/2018	0.8	0.8	0.9	0.9	0.9	1.4	-7.5	2.9	-1.6	1.5	-4.9	-3.3	-1.7	1.4	1.0	-1.1	0.0	-0.7	0.7	-1.1	1.3	-0.7	1.5	2.1	0.4	-2.1	1.7	1.5	-2.8	3.7	-1.5	-0.5		0.8	-7.7	2.7	-1.9	1.2	-1.6	22.1	
